company_name,location_count,dba_count,total_references
"Tyson Foods, Inc.",32,29,61
"Lineage Logistics, LLC",52,2,54
Smithfield Packaged Meats Corp.,28,10,38
"Lineage Logistics PFS, LLC",37,0,37
Wayne Farms LLC,10,23,33
Stefano's,0,32,32
"Americold Logistics, LLC",31,1,32
Stefano Foods,0,32,32
"Sanderson Farms, Inc.",9,22,31
TSD Sales and Distribution,0,31,31
Pilgrim's Pride Corporation,31,0,31
Covington Farms,0,24,24
Smithfield Fresh Meats Corp.,12,12,24
"Tyson Sales and Distribution, Inc.",3,20,23
Americold Logistics LLC,23,0,23
Wayne-Sanderson Farms,0,21,21
"Sanderson Farms, LLC",0,21,21
Americold Logistics,19,2,21
"Tyson Fresh Meats, Inc.",15,5,20
Cargill Meat Solutions,13,4,17
"Tyson Poultry, Inc.",0,17,17
Prospect Farms,0,17,17
The Hillshire Brands Company,14,1,15
Hormel Foods Corporation,5,10,15
Smithfield Pet,0,14,14
Farmland,0,13,13
Smithfield Farmland Sales Corp.,0,13,13
Smithfield Farmland Corp.,0,13,13
Armour Food Company,0,13,13
Windsor,0,12,12
Gwaltney,0,12,12
Village Butcher,0,12,12
Maple River Brand,0,12,12
Lundy's,0,12,12
Krakus Foods International,0,12,12
Lakeview,0,12,12
Hunter Krey Packing Co.,0,12,12
John Morrell & Co.,0,12,12
Northside Foods,0,12,12
Armour,0,12,12
"Patrick Cudahy, LLC",0,12,12
Roegelein,0,12,12
Spring Hill Brand,0,12,12
"Tobin's First Prize Meat Co., Inc.",0,12,12
Smithfield,0,12,12
Delightful Farms,0,12,12
Premium Farms,0,12,12
JBS USA Food Company,0,12,12
Hunter Packing Co.,0,12,12
Agar Foods,0,12,12
Ark Valley,0,12,12
Carando,0,12,12
Country Lean,0,12,12
Decker Food Company,0,12,12
OhSe,0,12,12
Golden Crisp Premium Foods,0,12,12
Farmstead,0,12,12
Curly's Foods,0,12,12
Kneip,0,12,12
Lineage Logistics LLC,12,0,12
Americold,11,1,12
Cargill Meat Solutions Corporation,11,1,12
United States Cold Storage,12,0,12
Swift Beef Company,7,5,12
Krey Packing Co.,0,11,11
"Farmland Foods, Inc.",0,11,11
John Morrell,0,11,11
Moyer Packing Co.,0,11,11
Premium Standard Farms,0,11,11
Healthy Ones,0,11,11
Premium Pet Health,0,11,11
"Racorn, Inc.",0,11,11
"Rath Blackhawk, Inc.",0,11,11
Eckrich,0,11,11
Rodeo Meats,0,11,11
Smithfield Packing Co.,0,11,11
"Rodeo Meats, Inc.",0,11,11
"Selective Petfood Services, Inc.",0,11,11
Mohawk Packing,0,11,11
Jamestown,0,11,11
Pure Farms,0,11,11
Aberdeen,0,11,11
Quick-To-Fix,0,11,11
Krakus,0,11,11
"Valleydale, Inc.",0,11,11
Kretschmar Deli,0,11,11
TSD Sales & Distribution,0,11,11
Tiffany Springs Packing Co.,0,11,11
Margherita,0,11,11
Moseys,0,11,11
"Kretschmar Brands, Inc.",0,11,11
"Sanderson Farms, Inc. (Processing Div)",2,9,11
Kretschmar,0,11,11
"Cook's Ham, Inc.",0,10,10
Pruden Packing Co.,0,10,10
"Saag's Products, LLC",0,10,10
Farmer John,0,10,10
"FJ Foodservice, LLC",0,10,10
Eastbay Packing Co.,0,10,10
Cook's Ham,0,10,10
"Clougherty Packing, LLC",0,10,10
American Farms,0,10,10
"Mohawk Provision, Inc.",0,10,10
"Peyton Packing Co., Inc.",0,10,10
Smithfield Foods,0,10,10
Curly's,0,10,10
Smithfield Fresh Meats Sales Corp.,0,10,10
Smithfield Packaged Meats Sales Corp.,0,10,10
Smithfield Fresh Meats,0,10,10
Patrick Cudahy,0,10,10
Michael Foods Egg Products Company,1,9,10
"Foster Poultry Farms, LLC",10,0,10
Perdue Foods LLC,10,0,10
"OSI Industries, LLC",10,0,10
"AdvancePierre Foods, Inc.",8,2,10
"Tyson Farms, Inc.",0,9,9
Swift Pork Company,8,1,9
"Keystone Foods, LLC",5,4,9
Harvestland,0,9,9
Kraft Heinz Foods Company,8,1,9
"Smithfield Foods, Inc.",0,9,9
"Tyson Foods, Inc",4,5,9
"The Smithfield Packing Co., Incorporated",0,9,9
"Vertical Cold Storage, LLC",8,0,8
"Partridge Meats, Inc.",0,8,8
814 America,0,8,8
Millard Refrigerated Services,0,8,8
"Tyson Prepared Foods, Inc.",6,2,8
LSG Sky Chefs,6,2,8
"Stampede Culinary Partners, Inc.",4,4,8
"Sweet Applewood Farms, Inc.",0,7,7
Country Pride,0,7,7
"Michael Foods, Inc.",0,7,7
Pine Ridge Farms,0,7,7
Nestle Prepared Foods Company,4,3,7
Lineage Logistics,5,2,7
Carolina Turkey,0,7,7
Howard County,0,7,7
Delta Valley,0,7,7
"Tyson Deli, Inc.",1,6,7
"IBP, Inc.",0,7,7
M.G. Waldbaum Company,7,0,7
"US Foods, Inc.",7,0,7
"Lineage Logistics Services, LLC",7,0,7
AmeriCold Logistics,6,1,7
Bachoco OK Foods,6,1,7
Gold Leaf,0,6,6
Spare Time,0,6,6
"Chef's Pantry, LLC",0,6,6
"Barber Foods, LLC",0,6,6
Swift & Company,0,6,6
Victor F. Weaver Co.,0,6,6
Coleman Natural Foods,0,6,6
Swift Premium,0,6,6
Jennie-O,0,6,6
Shenandoah Products,0,6,6
"Simmons Industries, Inc.",0,6,6
FreezPak Logistics,2,4,6
Kraft Heinz Company,3,3,6
"Butterball, LLC",6,0,6
"Daybreak Foods, Inc.",6,0,6
"Jennie-O Turkey Store, Inc.",1,5,6
Meatworks,1,5,6
JE Exports,4,2,6
Koch Foods,2,4,6
"Simmons Prepared Foods, Inc.",6,0,6
Blue Ribbon Farms,0,6,6
Carlton Farms,0,5,5
Coleman Natural,0,5,5
Swift Prepared Foods,0,5,5
Swift Foods Company,0,5,5
"Advance Food Company, Inc.",0,5,5
Sunland Poultry Co,0,5,5
Key Farms,0,5,5
Sara Lee Foodservice,0,5,5
Holly Farms,0,5,5
Festive Brand,0,5,5
Galileo Foods,0,5,5
Draper Valley,0,5,5
"Brennan Packing Co., Inc.",0,5,5
"Jerome Foods, Inc.",0,5,5
"The Turkey Store, Inc.",0,5,5
Sara Lee,0,5,5
Pierce Foods,0,5,5
Armour-Eckrich Meats LLC,0,5,5
Bachoco,0,5,5
Bonnie Maid,0,5,5
Surlean Foods,3,2,5
"Peco Foods, Inc.",5,0,5
"Tyson Fresh Meats, Inc",4,1,5
Performance Food Group,4,1,5
Tyson Food Service,0,5,5
JBS Prepared Foods,2,3,5
"United States Cold Storage, Inc.",5,0,5
Ajinomoto Foods North America,5,0,5
Busseto Foods,2,3,5
"Lineage Logistics MTC, LLC",5,0,5
Smithfield Bioscience,0,5,5
"Boar's Head Provisions Co., Inc.",5,0,5
Corfini Gourmet,2,3,5
Windsor Foods,1,4,5
Mountaire Farms Inc.,2,2,4
Mom's Meals,1,3,4
F&S Fresh Foods,1,3,4
PCC Logistics,1,3,4
J Bar B Foods,2,2,4
Blue Ridge Meats,2,2,4
Branding Iron Holdings,2,2,4
Pork Plus USA,0,4,4
US Foods,3,1,4
"Simmons Foods, Inc",0,4,4
"West Central Turkeys, LLC",0,4,4
"Simmons Poultry Farms, Inc.",0,4,4
"Johnsonville Foods, Inc.",0,4,4
Barber Foods,0,4,4
Envision Cold,4,0,4
Americold Farmers,0,4,4
"Armour Eckrich Meats, LLC",0,4,4
American Foods Group,0,4,4
"Tyson Refrigerated Processed Meats, Inc.",2,2,4
Evans Food Group,4,0,4
"Park 100 Foods, LLC",4,0,4
Mennonite Central Committee U.S.,4,0,4
"Johnsonville, LLC",3,1,4
Freshrealm,4,0,4
Gold Creek Processing LLC,4,0,4
Baxters North America,3,1,4
United States Cold Storage of California,4,0,4
"Smithfield Distribution, LLC",4,0,4
Indiana Packers Corporation,3,1,4
Monogram Foods,3,1,4
"Green Bay Dressed Beef, LLC",3,1,4
Vertical Cold Storage LLC,4,0,4
"Leidy's, LLC",4,0,4
"Hearthside Food Solutions, LLC d/b/a Maker's Pride",4,0,4
Sugar Creek Packing Co.,4,0,4
"SFC Global Supply Chain, Inc.",4,0,4
McLane Foodservice,4,0,4
"Ruiz Food Products, Inc.",4,0,4
"Perdue Foods, LLC",4,0,4
Jerome's Golden Glo,0,4,4
"Tyson Chicken, Inc.",0,4,4
Johnsonville Sausage,0,4,4
"Stampede Meat, Inc.",0,4,4
Lee Brands,0,4,4
World Kitchen,0,4,4
Daily's Premium Meats,1,3,4
Patti Jean,0,4,4
Georgia Boy Brand,0,4,4
"Jennie-O Foods, Inc.",0,4,4
Silver Birch Farms,0,4,4
Mission Hill Bistro,0,4,4
Chicken Plus USA,0,4,4
Stampede Meat,0,4,4
Chef Inside The Box,0,4,4
Sugardale Foods,0,4,4
MG Foods,2,2,4
Old Timer Brand,0,4,4
Cro-Magnon,0,4,4
McCarty Foods,0,4,4
Excel Corporation,0,4,4
Southland Brand,0,4,4
"Perri Sausage, Inc.",0,4,4
"Johnsonville Sausage, Inc.",0,4,4
Perri Sausage Company,0,4,4
Russer Foods,0,4,4
Fresh Mark Inc,0,4,4
Pilgrim's,0,4,4
Meat Plus USA,0,4,4
Silver Oak,0,4,4
Andy's Brands,0,4,4
"Sweet Applewood Farms, Inc",0,4,4
"Hudson Foods, Inc.",0,4,4
Daily's Pioneer Brand,0,3,3
Washington Creamery,0,3,3
Daily Foods,0,3,3
WRL Foods,0,3,3
"Bryan Foods, Inc.",0,3,3
NSP Quality Meats,0,3,3
Alderfer,0,3,3
Home Kitchen,0,3,3
Indiana Kitchen,0,3,3
Iowa Turkey Growers Coop,0,3,3
HEB,0,3,3
Coastal Protein,0,3,3
Mountaire Farms,1,2,3
Janet Davis,0,3,3
Carroll County,0,3,3
Plumrose USA,1,2,3
Jack Link's Protein Snacks,1,2,3
Jack Link's Beef Jerky,1,2,3
Allen Brothers,1,2,3
Buckhead Beef,1,2,3
Cargill Beef,1,2,3
"Williams Sausage Company, Inc.",1,2,3
Gordon Food Service,1,2,3
Cargill Value Added Meats,1,2,3
Thompson Farms,1,2,3
United Cold Storage,1,2,3
Choctaw Maid,0,3,3
Stark Provision,0,3,3
Ole Carolina Brand & Design,0,3,3
Colonia,0,3,3
Cavanaugh Lakeview Farms,0,3,3
Eastwood Foods,0,3,3
Greenwich,0,3,3
Kansas City Sausage,0,3,3
"Johnsonville Sausage, LLC",0,3,3
Ajinomoto Windsor,0,3,3
Sunland Poultry Co.,0,3,3
Shenandoah,0,3,3
Madison Processed Meats,0,3,3
Lorrisa's Kitchen,0,3,3
Cooper Farms,0,3,3
Oberto Sausage Company,0,3,3
Stock Yards Meat Packing Company,0,3,3
Oberto Brands,0,3,3
Aidells Sausage Co.,0,3,3
"Link Snacks, Inc.",0,3,3
Norwestern Deli,0,3,3
LSG Sky Foods,0,3,3
"Tyson Sales & Distribution, Inc.",1,2,3
Cookin Good,0,3,3
Rockingham,0,3,3
Hatfield Quality Meats,0,3,3
JBS USA LLC,0,3,3
K2D Foods,0,3,3
Bacon County Smokehouse Brand,0,3,3
Colorado Premium,0,3,3
Empire Packing,0,3,3
Sustainable Swine Resources,0,3,3
"JBS Packerland, Inc.",0,3,3
Carolina Fare,0,3,3
Bachoco USA,0,3,3
Tyson Sales and Distribution,0,3,3
Spring Farms,0,3,3
Bonanza,0,3,3
MCC,0,3,3
Essentia Protein Solutions,0,3,3
Springer Mountain Farms,0,3,3
Publix,0,3,3
Thrive Foods,0,3,3
Little Lady Foods,0,3,3
Amish Country Brand,0,3,3
"Johnsonville Foods Company, Inc.",0,3,3
Natural Food Holdings,0,3,3
HV Farms,0,3,3
Sioux-Preme Pork Products,0,3,3
Volpi Foods,0,3,3
Giovanni Volpi,0,3,3
Indiana Packers,0,3,3
"Clovervale Farms, Inc.",0,3,3
"Advance Food Company, LLC",0,3,3
WCS Logistics,0,3,3
"Foundation Food Group, LLC",0,3,3
"Tyson Farms, Inc",0,3,3
Birchwood Foods,0,3,3
Arkie Chicken,0,3,3
Deli Express,0,3,3
"Faribault Foods, Inc.",2,1,3
Tyson,0,3,3
"Reser's Fine Foods, Inc.",3,0,3
Fort Worth Meat Packers LLC,3,0,3
Clean Eatz Kitchen,3,0,3
"Americold ""dba"" Nordic Logistics and Warehousing, LLC",3,0,3
"Crider, Inc.",3,0,3
Request Foods Inc.,3,0,3
Mistica Foods LLC,3,0,3
Vanee Foods Company,3,0,3
Miracapo Pizza Company LLC,3,0,3
Twin Rivers Foods,3,0,3
Burris Logistics,3,0,3
F&S Produce West LLC dba F&S Fresh Foods,3,0,3
SK Food Group,3,0,3
Nor-Am Cold Storage,3,0,3
FlexXray LLC,3,0,3
Thrive Life,3,0,3
"International Provisions, Inc.",3,0,3
"Cedarlane Natural Foods, LLC",3,0,3
Bar-S Foods Co.,3,0,3
JBS USA,3,0,3
Americold dba Nordic Logistics and Warehousing LLC,3,0,3
"Clemens Food Group, LLC",3,0,3
"Nuovo Pasta Productions, Ltd.",3,0,3
Corfini Meat and Seafood,3,0,3
"Perdue Foods, LLC.",3,0,3
"Consolidated Catfish Producers, LLC",2,1,3
Plainville Farms,2,1,3
"George's Processing, Inc.",2,1,3
"AMPC, Inc.",2,1,3
Tri Eagle LLC,2,1,3
"JBS Souderton, Inc.",2,1,3
Standard Meat Company,2,1,3
Tyson Foods Inc.,2,1,3
"Grand Prairie Foods, Inc.",2,1,3
Blount Fine Foods,2,1,3
Tyson Foods Inc,2,1,3
Coastal Pacific Food Distributors,3,0,3
"Nestle USA, Inc.",2,1,3
"Americold Logistics, Inc.",3,0,3
Wolverine Packing Company,3,0,3
Cold Terminal of Laredo LLC,3,0,3
"Alatrade Foods, Inc.",3,0,3
Rich Products Corporation,3,0,3
Oberto Snacks Inc.,3,0,3
"Farbest Foods, Inc.",3,0,3
Independent Meat Company,2,1,3
E.A. Sween Company,3,0,3
Fieldale Farms Corporation,3,0,3
"Cargill Kitchen Solutions, Inc.",2,1,3
"Deb El Food Products, LLC",3,0,3
Carniceria Camacho,2,1,3
Colorado Premium Foods,3,0,3
"United States Cold Storage, LP",3,0,3
Conagra Brands (Conagra Foods Packaged Foods LLC),3,0,3
Winchester Cold Storage,3,0,3
"Lopez Foods, Inc.",3,0,3
"The Wornick Company dba Baxters North America, Inc.",3,0,3
"Universal Pure, LLC",3,0,3
"ConAgra Brands, Inc.",3,0,3
Foster Poultry Farms LLC,3,0,3
Case Farms Processing,3,0,3
"Gold Creek Processing, LLC",3,0,3
"Papetti's Hygrade Egg Products, Inc.",3,0,3
"ConAgra Foods Packaged Foods, LLC",3,0,3
Gold Kist Farms,0,2,2
Pegasus Foods Inc.,1,1,2
Matador,0,2,2
Jack Link's,0,2,2
New Stockton Poultry,1,1,2
Van Hessen USA Operations LLC,0,2,2
Circle S Farms,1,1,2
Cagle's,0,2,2
County Post,0,2,2
Frickenschmidt Foods LLC,1,1,2
DuBonilha Sausage Company,1,1,2
JBS USA Foods Company,0,2,2
"A.N. Deringer, Inc.",1,1,2
Eat Well Stay Healthy,0,2,2
Gold Kist,0,2,2
Pilgrim's Pride,0,2,2
JBS Packerland Inc.,0,2,2
Uncle Charlie's Meats,1,1,2
Freezpak Logistics,0,2,2
Maestri d'Italia Inc.,2,0,2
Pizzeria Uno,0,2,2
Bell & Evans,0,2,2
Vertullo Imports,0,2,2
Charcuterie Artisans,0,2,2
"Farmland Foods, Inc",0,2,2
"The Smithfield Packing Company, Incorporated",0,2,2
Wampler Foods,0,2,2
Country Skillet,0,2,2
Trader Joe's,0,2,2
Advanced Brands,0,2,2
Gemini Foods,0,2,2
Perdue Farms,0,2,2
Tyson Foods,0,2,2
TFC Poultry,0,2,2
"Dreisbach, Cool Port",0,2,2
Chefs Choice,0,2,2
Shoreline,0,2,2
Indiana Packers Corp.,0,2,2
Indiana Packers Co.,0,2,2
GP Food Company,1,1,2
Custom Food Products,0,2,2
Bauman's Butcher Block,1,1,2
Columbia Farms,0,2,2
"Portillo's Food Service, LLC",0,2,2
Gary's Meat,1,1,2
Brush Locker,0,2,2
Variety Foods,0,2,2
Quirch Foods LLC,1,1,2
Smithfield Foods Inc.,0,2,2
Chino Valley Ranchers,1,1,2
John R. Daily Inc.,0,2,2
Chirpy's Barbecue,1,1,2
Copelli Finest,0,2,2
Kikiri Quirch,0,2,2
Brothers Choice,0,2,2
Cooper Foods,0,2,2
Great Value,0,2,2
Exel Inc.,2,0,2
"Transhumance Holding Co., Inc.",0,2,2
Dakota Provisions,0,2,2
Texas Smokehouse,0,2,2
Earl Campbell,0,2,2
Quirch Foods,1,1,2
Northwest Finest,0,2,2
Gold'n Plump,0,2,2
Inland Seafood,0,2,2
Heritage Farms,0,2,2
Kansas City Sausage Company,0,2,2
Armour Eckrich Meats LLC,0,2,2
Just Bare,0,2,2
RSF Inc dba FreezPak Logistics,2,0,2
Daniele Acquisition LLC,0,2,2
Wayne-Sanderson Farms LLC,0,2,2
Bull Boy,0,2,2
PureFoods Fresh Start,0,2,2
Mom's Meals NourishCare,0,2,2
Alle,0,2,2
"Armour Eckrich Meats, LLC.",0,2,2
Florida Beef Inc.,1,1,2
"Nueske's Meat Products, Inc.",1,1,2
Specialty Steak Service,1,1,2
Wholestone Prestage,0,2,2
Hudson Valley Chicken,0,2,2
Direct Source Meats,1,1,2
Tamahli,1,1,2
Fayman & Sorbello Food Group,0,2,2
Maker's Pride,0,2,2
Coronado,0,2,2
Golden State Foods,1,1,2
Fletcher's Fine Foods,0,2,2
Hudson Valley Foie Gras,0,2,2
Bluestem Hollow,0,2,2
Fatback,1,1,2
"DCW Casing, LLC",0,2,2
JR's Jerky Company,1,1,2
"CBC, Inc",0,2,2
Quality Packing Co.,0,2,2
First Street Cafe,1,1,2
Bryan Foods,0,2,2
"Avalon Meat Candy, LLC",1,1,2
Roxy,0,2,2
Aurelio's Quality Products,1,1,2
Country Corner,0,2,2
"Numeat Packing, Inc.",1,1,2
Northwestern Deli,0,2,2
Kevin's Natural Foods,0,2,2
The XCJ,0,2,2
XCJ,0,2,2
"Prairie Grove Farms of Iowa, LLC",0,2,2
Griffith Laboratories,0,2,2
Anmar Foods,1,1,2
Holmes Smokehouse,0,2,2
Dearborn Markets,0,2,2
Gold Creek Foods,0,2,2
Superior Brand Meats,0,2,2
Superior Brands Meats,0,2,2
Tennoak Farms,0,2,2
Agora,0,2,2
Gold Creek,0,2,2
Eat Fresco,0,2,2
Wald Family Foods,1,1,2
Gold Creek Processing,0,2,2
"American Foods Group, LLC",0,2,2
Bonduelle Fresh Americas,0,2,2
Free Bird,0,2,2
Quality Meats,0,2,2
Seaboard Farms,0,2,2
Seaboard Foods,0,2,2
Don Lee Farms,0,2,2
Dearborn Farms,0,2,2
"Nealey's Foods, Inc.",1,1,2
Gemstone Foods LLC,0,2,2
"Stefano Foods, Inc.",0,2,2
Daniele Holdco LLC,0,2,2
"The Smithfield Packing Co., Inc.",0,2,2
"Smithfield Foods, Inc",0,2,2
Waterhill Naturals,0,2,2
Thin 'n Trim,0,2,2
Old Neighborhood Foods,0,2,2
Mosner Family Brands,0,2,2
"Partidge Meats, Inc.",0,2,2
Global Village Foods,1,1,2
"Poultry Holdings, LLC",0,2,2
Stafford's Custom Meats,1,1,2
Glondo's Sausage Co.,1,1,2
Vienna Beef Ltd.,1,1,2
"Perdue Premium Meat Company, LLC",0,2,2
Far West Meats,1,1,2
Maxi Margo,0,2,2
"Simmons Foods, Inc.",0,2,2
Burgers' Smokehouse,0,2,2
Smokecraft,0,2,2
Perdue,0,2,2
World of Pies LLC,2,0,2
Mary Ellen's,1,1,2
Carnegie Deli,0,2,2
ECP Foods LLC,1,1,2
Carolina Fresh Foods,1,1,2
Trans Continental Cold Storage,0,2,2
Cattleman's Cut,0,2,2
McKenzie Natural Artisan Deli,0,2,2
Wisconsin River Meats,1,1,2
Mizzou Meat Market,0,2,2
"Marvel Specialties, Inc.",0,2,2
Ed Miniat LLC,1,1,2
U.S. Premium Beef,0,2,2
Sugar Ridge Farms,0,2,2
"Tip Top Poultry, Inc.",1,1,2
Wolf Pack Meats,1,1,2
Bethlehem Sausage Works,0,2,2
Butcher Made,0,2,2
Kraft Heinz Food Company,0,2,2
Ebels Meat Processing,1,1,2
Nestle,0,2,2
"Kraft Foods Group, Inc.",0,2,2
Martinez Brand Cracklings LLC,1,1,2
Al Fresco,0,2,2
Chef's Pantry,0,2,2
LaFrieda Meats Inc.,2,0,2
SHENANDOAH,0,2,2
"Advance Brands, LLC",0,2,2
Sanderson Farms LLC,0,2,2
Deli International,0,2,2
Tombstone Pizza Corporation,0,2,2
Nestle Brands Company,0,2,2
Nestle Brands Foodservice Company,0,2,2
Market House Meats,1,1,2
Nestle Pizza Division,0,2,2
Stouffer Foods,0,2,2
Stouffer's,0,2,2
New York State National,0,2,2
"Ebels Family Center, Inc.",1,1,2
Tyson Farms Inc,0,2,2
Carbone's Pizzeria,1,1,2
Willamette Egg Farms,1,1,2
Whidbey Island Seafood Co.,1,1,2
Los Galleguitos,1,1,2
Michael Foods Inc.,1,1,2
Kibberia Foods LLC,2,0,2
"Almena Meat Company, Incorporated",2,0,2
Bonfire Burritos LLC,1,1,2
Wicks Kitchens,1,1,2
Brett Anthony Foods,1,1,2
Alsager Meats,2,0,2
Reser's Fine Foods,2,0,2
Greco and Sons,1,1,2
Bob's Jerky For A Cause,1,1,2
Great Western Meats,1,1,2
Great American Foods,1,1,2
Wilmot Productions,1,1,2
Brazilian Taste,1,1,2
"Rudolph Foods Company, Inc.",2,0,2
"Bahar, LLC",1,1,2
Boutte's Boudin,1,1,2
Halpern's Steak and Seafood,1,1,2
Helmbold's,0,2,2
Bavarian Meats,0,2,2
Maersk Warehousing & Distribution Services USA LLC,2,0,2
F&S Produce West LLC,1,1,2
F & S Fresh Foods,1,1,2
Rudolph Foods,2,0,2
"Family Brands, LLC",1,1,2
Evergreen Meats Inc.,1,1,2
Grand Peaks Prime Meats,1,1,2
"Maple Leaf Farms, Inc.",1,1,2
Buckhead Meat of San Antonio,1,1,2
Collagen Solutions,1,1,2
Fair Market Inc.,1,1,2
"Broken Arrow Ranch, Inc.",1,1,2
Rovagnati North America LLC,2,0,2
"Chef's Pantry, Inc.",0,2,2
Standard Fair,0,2,2
Alewel's Country Meats,1,1,2
Lowrey's,0,2,2
"Fotis And Son Imports, Inc.",1,1,2
True World Foods,0,2,2
"Foodbrands America, Inc.",0,2,2
Tastepoint Inc.,1,1,2
Los Cabos Mexican Foods,0,2,2
"Cargill, Inc.",0,2,2
Pacific Gold,0,2,2
Denver Dan,0,2,2
Pete's Country Meats,1,1,2
Devanco Foods,1,1,2
George's Farmers Market,0,2,2
Mountaire,0,2,2
OMP Foods,0,2,2
Performance Team,0,2,2
Ozark Mountain Poultry,0,2,2
4 Frendz Meat Market,0,2,2
Claxton Poultry Farms,0,2,2
Nature Raised Farms,0,2,2
Amish Country,0,2,2
Lady Aster (Food Service),0,2,2
The Butcher's Block,1,1,2
KeyFarms,0,2,2
Superior Packing,0,2,2
"King's Quality Meats, LLC",0,2,2
Big Mouth/Cudlins,1,1,2
Southfork Sausage,0,2,2
Discovery Foods,0,2,2
Lulu Asian Kitchen,1,1,2
Ganaderia Santiago Inc.,1,1,2
Double R Ranch,0,2,2
Amoy North American,0,2,2
Fox Country Smoke House LLC,1,1,2
Fourth Street Barbeque Inc.,1,1,2
Ajinomoto North America,0,2,2
A Butchery Shoppe,1,1,2
Apple Brandy Prime Cuts,0,2,2
El Pastelillo Feliz,1,1,2
Golden Tiger,0,2,2
Quality Distributors,1,1,2
Vineland Poultry LLC,1,1,2
Sysco Corporation,0,2,2
Essentia,0,2,2
Performance Foodservice,1,1,2
Sun Commodities,0,2,2
"TSD Sales and Distribution, Inc.",0,2,2
Ajinomoto Foods,0,2,2
BRM,0,2,2
Bally Plus,0,2,2
"Equity Group Georgia Division, LLC",0,2,2
Providence Farmstead,0,2,2
"Clovervale Farms, LLC",0,2,2
George's Inc.,0,2,2
Genoa,0,2,2
Lean Cuisine,0,2,2
Sanderson Farms,0,2,2
Dutch Quality House,0,2,2
"IBP, inc.",0,2,2
Goya,0,2,2
Mountain Man,0,2,2
Verboort,0,2,2
Quality Food Company,1,1,2
The Farmstead Market,0,2,2
Hot Stuff Foods,0,2,2
Embutidos El Compay,1,1,2
Thomas E. Wilson Foods,0,2,2
Tasco Centrifuge,0,2,2
Tasco,0,2,2
Natureraised Farms,0,2,2
Dakota Technology Company,0,2,2
Orion Landmark,0,2,2
"IBP, Inc",0,2,2
Chef's Fresh Foods,1,1,2
"Proliant, Inc.",0,2,2
"Ajinomoto Foods North America, Inc.",1,1,2
Deli Brands of America,1,1,2
Ranger,0,2,2
Dorada Foods,1,1,2
JWM Distribution,1,1,2
Olympia Provisions,1,1,2
"Michigan Turkey Producers Co-op, Inc.",2,0,2
Jones Dairy Farm,2,0,2
"United Source One, Inc.",2,0,2
"Ballester Hermanos, Inc.",2,0,2
"Fuji Foods, Inc.",2,0,2
"Janey Lou's, Inc.",1,1,2
"Cypress Cold Storage, LLC",2,0,2
Frozen Assets Cold Storage LLC,2,0,2
Christian Aid Ministries,2,0,2
At Last Gourmet Foods,2,0,2
"Traditions Prepared Meals, LLC",2,0,2
Dakota Provisions LLC,1,1,2
Minnesota Freezer Warehouse,2,0,2
Chef's Choice,0,2,2
Taylor Farms,2,0,2
"Taylor Farms Illinois, Inc",2,0,2
"Viet My Corporation, Inc.",2,0,2
"San Rafael Distributing, Inc.",2,0,2
Assemblers Inc.,2,0,2
"Maui Cattle Company, LLC",2,0,2
Stearns Poultry Farm,1,1,2
Steamboat Meat & Seafood Co.,1,1,2
Steak Master Inc.,1,1,2
Scotty's Country Smokehouse,2,0,2
JNP Hawaii LLC,2,0,2
University of Missouri Meat Market,2,0,2
Lake City Fish Market,1,1,2
Morgan's Meat Market,1,1,2
Midway International Logistics LLC,2,0,2
JRC Culinary Group Inc.,2,0,2
"Armada Warehouse Solutions, LLC",2,0,2
Custom Craft Poultry,2,0,2
"Piedmont Custom Meats, Inc.",2,0,2
United Fruit and Produce Co.,2,0,2
Bar-S Foods Company,2,0,2
"Taylor Farms New Jersey, Inc.",2,0,2
CPS Logistics LLC,2,0,2
Palisades Ranch,1,1,2
Scimeca's Sausage Co.,1,1,2
"Native American Enterprises, LLC",2,0,2
CTI Foods LLC,2,0,2
"Greater Omaha Packing Co., Inc.",2,0,2
"Bernatello's Pizza, Inc.",2,0,2
Hehnke's,1,1,2
Jubilee,1,1,2
Juanita's Foods,1,1,2
Suffolk Cold Storage,2,0,2
Chunwei Inc.,2,0,2
D&M Distributing,1,1,2
"Caviness Beef Packers, Ltd.",2,0,2
Superior Foods Company,2,0,2
"Castle Canning, LLC",2,0,2
Hanover Foods Corporation,2,0,2
"HVFG, LLC",2,0,2
D & N Provisions,1,1,2
"Coblentz Distributing, Inc",2,0,2
Pacific Produce Corporation,2,0,2
The Classic Jerky Company,2,0,2
"Neese Country Sausage, Inc.",2,0,2
"Tecumseh Poultry, LLC",2,0,2
Hudson Meat Company,1,1,2
"CJ Logistics America, LLC",2,0,2
"CFCM, LLC",2,0,2
His Meat Company,2,0,2
PJ Food Service,2,0,2
"Overhill Farms, Inc.",2,0,2
"Goya de Puerto Rico, Inc.",2,0,2
Bylada Foods LLC,2,0,2
"The Best Dressed Chicken, Inc.",2,0,2
Cured by Visconti,1,1,2
Clint & Sons,2,0,2
Rastelli Global,1,1,2
Just In Thyme Foods,1,1,2
"Pacific Coast Container, Inc.",2,0,2
Paradise Locker Meats,1,1,2
"Fred Usinger, Inc.",2,0,2
"Old Trapper Smoked Products, Inc.",2,0,2
Koch Foods of Cumming,1,1,2
"Empirical Foods, Inc.",2,0,2
Adesa International LLC,2,0,2
"Legacy Beef, LLC",2,0,2
Ajinomoto Health & Nutrition North America,2,0,2
"FLYING W FARMS, LLC",2,0,2
"Abbyland Foods, Inc.",2,0,2
Derstine's Inc.,2,0,2
Country Archer,1,1,2
Superior Farms,1,1,2
Rudolph Foods Company,1,1,2
Tuff Stuff Jerky Company,1,1,2
"Country Fresh Meats, Inc.",1,1,2
Shamrock Foods Company,2,0,2
Piatkowski Riteway Meats Inc.,2,0,2
Bellingham Cold Storage,2,0,2
Fortune Wisconsin LLC,2,0,2
"Wilkes Abattoir, LLC",2,0,2
Williams Brothers Meat Co.,2,0,2
"AdvancePierre Foods, Inc",2,0,2
"Abner Snack Foods, Inc.",2,0,2
"West Liberty Foods, LLC",2,0,2
Lakeside Refrigerated Services,2,0,2
"Lineage Logistics SCS, LLC",2,0,2
Land O' Frost,2,0,2
"Double R Brand Foods, LLC",2,0,2
50th State Poultry,2,0,2
"MacMillan-Piper, LLC",2,0,2
Elkhorn Valley Packing LLC,2,0,2
West Coast Prime Meats LLC,2,0,2
"Fair Oaks Foods, LLC",2,0,2
Luen Fung Enterprises,2,0,2
"Elore Enterprises, LLC",2,0,2
Leroy Meats,2,0,2
"Wald Family Foods, LLC",2,0,2
3282 Beaver Meadow Road LLC,2,0,2
JCG Industries,2,0,2
"Fortune Avenue Foods, Inc.",2,0,2
Damn Good Foods Inc.,2,0,2
"Valley Fine Foods Company, Inc.",2,0,2
Red Rock Foods,1,1,2
"Mekong Fresh Meats, Inc.",2,0,2
"BEF Foods, Inc.",2,0,2
"Dan's Prize, Inc.",2,0,2
"Valley Beef, Inc.",2,0,2
"Valley Cold Storage & Transportation, LLC",2,0,2
La Autentica Foods LLC,1,1,2
"Ready Foods, Inc.",1,1,2
Regal Meat,1,1,2
"Daily's Premium Meats, LLC",2,0,2
"Joe Jurgielewicz & Son, Ltd.",2,0,2
Fresh & Ready Foods LLC,2,0,2
"Fresco Foods, Inc.",2,0,2
"Savello USA, Inc.",2,0,2
Steidinger Foods,1,1,2
"John Soules Foods, Inc.",2,0,2
"Melotte Distributing, Inc.",2,0,2
Menasha Packaging Company,2,0,2
Mr. Pastie,1,1,2
House of Raeford,1,1,2
"Del Real Foods, LLC",2,0,2
"Crystal Distribution Services, Inc.",2,0,2
"Perfect Pasta, Inc.",2,0,2
"Arcadia Cold Jacksonville, LLC",2,0,2
US Foods Inc.,2,0,2
US Foods Inc,2,0,2
"Seviroli Foods, LLC",2,0,2
"Salm Partners, LLC",2,0,2
Arkansas Refrigerated Services,2,0,2
Port of Palm Cold Storage,2,0,2
"Midwest Refrigerated Madison, LLC",2,0,2
Mennonite Central Committee,2,0,2
"RFS Cheese, LLC",1,1,2
"DG Foods, LLC",2,0,2
Jennie-O Turkey Store,2,0,2
Jensen Reserve,1,1,2
"New Day Farms, LLC",2,0,2
"HK Cooperative, Inc.",2,0,2
Productos Real,1,1,2
"M.C.I. Foods, Inc.",2,0,2
FiveStar Gourmet Foods,2,0,2
Knauss Foods,2,0,2
"American Laboratories, LLC",2,0,2
"America's Catch, Inc.",1,1,2
Diestel Turkey Ranch,2,0,2
King Cheese Corporation,2,0,2
American Pasteurization Company,2,0,2
Detroit Cold Storage,2,0,2
"LSI, Inc.",2,0,2
"FlexXray, LLC",2,0,2
Fisher Packing Company,2,0,2
888 Food Company,2,0,2
Koch Foods LLC,2,0,2
"White Castle System, Inc.",2,0,2
Koch Foods of Mississippi,2,0,2
Western Valley Meat Company,2,0,2
Ramar International Corporation,2,0,2
"Lineage Logistics HCS, LLC",2,0,2
J&B Wholesale Distributing Inc.,1,1,2
"Smith Meat Packing, Inc.",2,0,2
"Cordele Cold Storage & Food Processing, LLC",2,0,2
Lionshare LLC,2,0,2
JBS Tolleson Inc.,1,1,2
Tony Downs Foods,2,0,2
Allen Brothers LLC,1,1,2
Givaudan Flavors Corporation,2,0,2
Safer Plate,1,1,2
Kerry,1,1,2
Marketplace Deli Products Inc.,2,0,2
Highland Poultry,2,0,2
"PurFoods, LLC",2,0,2
"FlexCold, LLC",2,0,2
"Rosina Food Products, Inc.",2,0,2
"Provimi Foods, Inc.",2,0,2
Amana Meat Shop & Smokehouse,1,1,2
Kayem Foods Inc.,2,0,2
"JBS Lenoir, Inc",1,1,2
Miller's Country Hams,0,2,2
"Kunzler & Company, Inc.",0,2,2
Shelf Reliance,0,2,2
Kansas City Steaks,0,2,2
Grill Masters BBQ,0,2,2
JM Packing,1,1,2
"Tyson Sales and Distribution, Inc",1,1,2
Gev's Kitchen,1,1,2
Fratelli Beretta Inc.,0,2,2
ZK Ranches LLC,2,0,2
MBA Poultry,0,2,2
Tri Eagle Provisions,0,2,2
Seltzer's Smokehouse Meats,0,2,2
Signature Sauces,1,1,2
Xiao Chi Jie,0,2,2
Draper Valley Farms,0,2,2
Cargill Protein,0,2,2
"A. N. Deringer, Inc.",2,0,2
Woodridge 31 Copacking Company LLC,2,0,2
Frankly Fresh,0,2,2
"Tri Eagle Provisions, Inc.",1,1,2
Florida Freezer Limited Partnership,2,0,2
Creminelli Fine Meats,1,1,2
Old Style Sausage,1,1,2
"Farmers Pride, Inc.",2,0,2
"Alameda Distribution, Inc.",2,0,2
Glass Onion Catering,1,1,2
Wolverine Packing Co.,2,0,2
"MDV/Spartannash, LLC",2,0,2
"LiDestri Foods, Inc.",2,0,2
Athena Foods,1,1,2
Kansas City Cold Storage,1,1,2
Meijer,0,2,2
Plantation Brand,0,2,2
Habbersett,0,2,2
Greensboro Packers,0,2,2
"JBS Plainwell, Inc.",1,1,2
"Weighmasters Murphy, Inc.",2,0,2
Ouray Meat and Cheese Market,1,1,2
"National Beef Packing Co., L.L.C.",2,0,2
"CalChef Foods, LLC",2,0,2
"Henry Kaminski, Inc.",2,0,2
Suzanna's Kitchen,1,1,2
"Buddy's Kitchen, Inc.",2,0,2
"JBS Green Bay, Inc.",1,1,2
Rains Natural Meats,1,1,2
"America New York Ri Wang Food Group Co., Ltd.",2,0,2
BrucePac,2,0,2
Payless Distribution Center (PDC),2,0,2
"Interstate Meat Dist., Inc.",2,0,2
"Morty Pride Meats, Inc.",2,0,2
"Wabash Valley Produce, Inc",2,0,2
Costco Wholesale,2,0,2
Gerber Products Company,2,0,2
Sioux Preme Packing Co.,2,0,2
Sinton and Sons Local Meats and Provisions,2,0,2
Chicago Meat Authority,2,0,2
"Nor-Am Cold Storage, Inc.",2,0,2
"Cheney OFS, Inc.",2,0,2
"Hearthside Food Solutions, LLC",2,0,2
"Seaboard Foods, LLC",1,1,2
"Maid-Rite Specialty Foods, Inc.",2,0,2
Old Hickory Smokehouse,1,1,2
Certified Meat Products,2,0,2
Old Country Jerky,1,1,2
"Northwestern Selecta, Inc.",2,0,2
"Harvest Food Products Co., Inc.",2,0,2
Sugar Creek,2,0,2
T.C. Trading Company,2,0,2
Sterling Foods,2,0,2
Cargill Food Distribution,2,0,2
"North Bay Butchers, LLC",2,0,2
"Stoney Point, Inc.",2,0,2
Campbell Soup Company,2,0,2
"Cheney Brothers, Inc.",2,0,2
Montgomerys Meats Inc,2,0,2
American Meat Companies,1,1,2
"Interstate Cold Storage, Inc.",2,0,2
Big Valley Meats,2,0,2
Interstate Warehousing,2,0,2
"Theriault's Abattoir, Inc.",2,0,2
"Peco Foods, Inc",2,0,2
"Mucca, Inc.",2,0,2
Bill Newsome Hams,2,0,2
"The Sygma Network, Inc.",2,0,2
Kentucky Farm Kitchens,1,1,2
Global Maritime Supply,2,0,2
"Brakebush Brothers, Inc.",2,0,2
Gentle Harvest,2,0,2
"General Mills Operations, Inc.",2,0,2
South Chicago Packing LLC,2,0,2
"Better Baked Foods, LLC",2,0,2
Global Gourmet Food Solutions LLC,2,0,2
Best Deal Brokerage LLC,2,0,2
Core X Gress,2,0,2
Peacock Cheese,2,0,2
Godshall's Quality Meats Inc.,2,0,2
Sorbello Refrigerated Services,2,0,2
Monogram Gourmet Foods,2,0,2
"Brown Packing Co., Inc.",2,0,2
Midwest Meat Company,1,1,2
"Monogram Meat Snacks, LLC",2,0,2
Kettle Cuisine,1,1,2
Broadleaf Inc.,2,0,2
"Conagra Brands (Conagra Foods Packaged Foods, LLC)",2,0,2
In-N-Out Burgers,2,0,2
Papetti's Hygrade Egg Products Inc.,2,0,2
"Tillamook Country Smoker, LLC",2,0,2
"Conagra Brands, Inc.",2,0,2
Cool Port Oakland,2,0,2
Conagra Brands,2,0,2
"Cooks Wholesale Foods, Inc.",2,0,2
Rammell Valley Pack,1,1,2
Mountain Meat Packing Inc.,2,0,2
Hi-Way Meat Market,0,1,1
Food4You,0,1,1
Martin's BBQ,0,1,1
Pacific Egg Products,0,1,1
Star Quality Meat,0,1,1
Dona Elvira Pollo Asado,0,1,1
J. P. Flaherty Company Inc.,0,1,1
Pritzlaff Wholesale Meats LLC,0,1,1
Mountaire Farms of North Carolina,0,1,1
Nestle USA Inc,0,1,1
Concord Premium Meats,0,1,1
Scotto Market,0,1,1
Lincoln Brands,0,1,1
Cafetin Los Amigos,0,1,1
Tarantino Wholesale Foods,0,1,1
"Ocean Select Seafood, L.L.C.",0,1,1
Shannon Traditional Meats,0,1,1
Vt. Country Farms,0,1,1
Nakasone Meats Co.,0,1,1
Custom Blending Solutions,0,1,1
NSP Proteins,0,1,1
"Bar None Foods, LLC",0,1,1
Snap-O-Razzo,0,1,1
Snake River Farms,0,1,1
"Blockncleaver, LLC",0,1,1
Smith & Wollensky,0,1,1
"LiL Brave Foods, LLC",0,1,1
"McGreevys Meat, LLC",0,1,1
"Native Homeland, LLC",0,1,1
Negril Foods,0,1,1
Nestle Prepared Foods Company Inc,0,1,1
Nashville Resturant Supply,0,1,1
Buitoni Foods,0,1,1
Buitoni North America,0,1,1
"Chef America East, Inc.",0,1,1
Perky Jerky,0,1,1
Desert Star,0,1,1
Hyplains Beef,0,1,1
Krave,0,1,1
Monterey Gourmet Foods,0,1,1
Petit Jean Meats,0,1,1
Dawn's Foods,0,1,1
Mid America Packing,0,1,1
Ranch House Meat & Sausage Co,0,1,1
Formaggio Italian Cheese Specialties,0,1,1
Philly Gourmet Patties,0,1,1
Mongiello Sales,0,1,1
Monogram Quality Foods,0,1,1
Bristol Valley Foods,0,1,1
Burr Ridge Valley,0,1,1
Heritage Ribye,0,1,1
Hinsdale Farms,0,1,1
Taino,0,1,1
Mountaire Farms of North Carolina Corp.,0,1,1
Superior Farms - Denver Division,0,1,1
L & A Meat Distributor,0,1,1
Johnsonville Foods Company,0,1,1
Everest Meats,0,1,1
Riff's Smokehouse,0,1,1
Butch's Original Pizza,0,1,1
King Cotton,0,1,1
Protein Provisioners,0,1,1
CIBO Naturals LLC,0,1,1
Brookfield Farms,0,1,1
Puluone Wildwood Inc.,0,1,1
Heritage Angus Burgers,0,1,1
Kansas City Steak Company,0,1,1
Kansas City Steakhouse Originals,0,1,1
Steakhouse Originals,0,1,1
Field Trip,0,1,1
"National Chili Co., Inc.",0,1,1
Chipper Snax,0,1,1
Arizona Jacks,0,1,1
NATCO Food Service,0,1,1
River Cane Valley,0,1,1
Mama Mucci's Pasta,0,1,1
Supreme Glatt Kosher,0,1,1
Swiss American Sausage Co.,0,1,1
Chicharrones Econo,0,1,1
Heritage 100% Sirloin Burgers,0,1,1
Butcher Shop,0,1,1
Plantation Quail Mountain Valley Farm,0,1,1
Chicharrones Jukiao,0,1,1
Phoenix Logistics,0,1,1
Holton Foods.,0,1,1
Petschl's Quality Meats,0,1,1
"Riff's Smokehouse, Inc",0,1,1
"Purely Meat Co., Roma Packing, Lombardi Packing, Rapid Foods",0,1,1
Butch's Premium Pizza,0,1,1
Uncle Zip's Beef Jerky,0,1,1
Heritage Premium Beef Finely Sliced Ribeye Steak,0,1,1
Prater's Foods,0,1,1
Foods USA,0,1,1
Georgia Meat Packers,0,1,1
NAVIS Food Partners,0,1,1
PPNE,0,1,1
Poultry Products Northeast,0,1,1
Prime Source Foods,0,1,1
Geneva Meats,0,1,1
Dean's Smoke Shack,0,1,1
D&F Meats,0,1,1
Acme Meat Co,0,1,1
The Local Butcher,0,1,1
Stahl-Meyer Packing Corp.,0,1,1
Salt & Twine,0,1,1
Diet-to-Go,0,1,1
Epic  Foods,0,1,1
DemKota Ranch Beef,0,1,1
Caribbean Foods Service,0,1,1
Porkie Co of Wisconsin,0,1,1
The South African Food Shop,0,1,1
Curated Fine Meats,0,1,1
"Jack's Frozen Pizza, Inc",0,1,1
DiGirorno Foods Company,0,1,1
California Pizza Kitchen,0,1,1
J. Vrola,0,1,1
Bryant & Cooper,0,1,1
Bryant & Cooper (Prime Meats),0,1,1
Butcher's Brand,0,1,1
Eataly,0,1,1
Garden State Sausage,0,1,1
"Jack's Frozen Pizza, Inc.",0,1,1
DiGiorno Foods Company,0,1,1
Flat Iron Meat Company,0,1,1
"Kostra & Co, LLC",0,1,1
Minor's,0,1,1
Lobel's,0,1,1
Maglio Appetito,0,1,1
Wampler Foods Inc.,0,1,1
US Beef,0,1,1
Mexus Gourmet Foods,0,1,1
Garcia Foods,0,1,1
Gold'n Plump Poultry LLC,0,1,1
"Rose Packing Company, Inc.",0,1,1
PILGRIM'S,0,1,1
"Rose Packing Company, A Division of OSI Industries, LLC",0,1,1
OLD LINE MEATS,0,1,1
The Nutrition Group,0,1,1
Nunez Reserve,0,1,1
Andy Garcia Foods,0,1,1
JFC LLC,0,1,1
Nueske's Hillcrest Farm Meats,0,1,1
Hillsdale Quality Meats,0,1,1
GNP Company,0,1,1
Superior Fish Producst,0,1,1
Superior Catfish Products,0,1,1
Mike's Northwoods,0,1,1
Northwest Gourmet Foods,0,1,1
Hoffman's Meats,0,1,1
Chris P Chicken,0,1,1
CN (PPC Child Nutri),0,1,1
PP Select,0,1,1
Banzai Sushi,0,1,1
Fryer Kist,0,1,1
GK for the Student,0,1,1
GoldKist,0,1,1
GoldKist Farms,0,1,1
Independence County,0,1,1
Oven Kist,0,1,1
Ro-Ricos,0,1,1
Vermont Culinary Brands LLC,0,1,1
NWfitmeals,0,1,1
Little Bruno's Pizza,0,1,1
Giovanni's Pizza,0,1,1
Shenandoah Valley,0,1,1
Supermom's,0,1,1
Gold 'N Plumb,0,1,1
Just Bare Chicken,0,1,1
Rikobiter,0,1,1
Urban Bistro,0,1,1
J.O.M Inc,0,1,1
HARVESTLAND FOODS INC,0,1,1
"Mariah Foods, Peer Foods and Emge Foods",0,1,1
PERDUE FOODS INC,0,1,1
HOLIDAY TIME FOODS INC,0,1,1
COCINA54,0,1,1
HARVESTLAND PRODUCTS INC,0,1,1
EATGUD,0,1,1
KADEM,0,1,1
COLEMAN NATURAL FOODS,0,1,1
"Peco Foods, Inc.- Canton Division",0,1,1
Pony Express Enterprises LLC,0,1,1
Fazio's Itallian Specialty Foods,0,1,1
DiMare's Specialty Foods,0,1,1
Forester Farmers Market,0,1,1
"Otto & Sons West Chicago, a Div. of OSI Indust., LLC",0,1,1
"Rose Packing, a Division of OSI Industries, LLC",0,1,1
Peter Luger Enterprises,0,1,1
"Pedro's Foods, LLC",0,1,1
Peco Farms Inc,0,1,1
Hickory Hollow Farms,0,1,1
Otto's Chicken,0,1,1
Frito Lays,0,1,1
Pepsico Foods Caribbean,0,1,1
D & L Meat Co.,0,1,1
Oversea Casing Company LLC,0,1,1
Out of the Shell,0,1,1
Ling's,0,1,1
Yangs,0,1,1
"Otto's Meats Acquisition, LLC",0,1,1
OMP Processing,0,1,1
Hoosier Pride,0,1,1
Arnold's Wild Game Processing,0,1,1
Oscars Smokehouse,0,1,1
Oscar's Adirondack Smokehouse,0,1,1
People's Choice Beef Jerky,0,1,1
ROYAL FROZEN,0,1,1
Castleberry Provisions,0,1,1
Barbeque Select,0,1,1
Pinellas Wholesale Meats,0,1,1
Beef of Montana,0,1,1
A.A. Biltong,0,1,1
C & M Meat Co.,0,1,1
Festa Food Co,0,1,1
AA Poultry Processing,0,1,1
Crystal Valley Foods,0,1,1
Crystal Valley Poultry,0,1,1
Matthews Meat Emporium,0,1,1
Fawn River Poultry,0,1,1
Katie's Best,0,1,1
Meats of Montana,0,1,1
Miller Amish Country Farms,0,1,1
Miller Amish Country Foods,0,1,1
Miller Amish Country Poultry,0,1,1
Miller Poultry,0,1,1
Orland Poultry,0,1,1
Pine Manor,0,1,1
Christopher Quality Distributors Inc.,0,1,1
Pilot Brands,0,1,1
Pine Manor Farms,0,1,1
Pine Manor Foods,0,1,1
Pine Manor Poultry,0,1,1
"Norbest, LLC",0,1,1
Pitman Farms Utah Division,0,1,1
Boston Chowda Co.,0,1,1
East Coast Gourmet,0,1,1
NOCS South Atlantic,0,1,1
"Hester Industries, Inc.",0,1,1
KPC Butcher Shop,0,1,1
Principe Foods,0,1,1
Floyd Poche Enterprises Ltd.,0,1,1
"Poche's Market, Restaurant & Smokehouse",0,1,1
Poche's Smokehouse,0,1,1
Polidori Sausage,0,1,1
Politis Steak & Seafood,0,1,1
Brown packing Company,0,1,1
CENTERPOINT MEATS & PROVISIONS,0,1,1
"The Flying Meatball, LLC",0,1,1
NERCC's Meat Market and Processing,0,1,1
"Economy Foods, Inc.",0,1,1
International Casings Group,0,1,1
FreshTrade,0,1,1
Fairway Market Distribution Center,0,1,1
Williams Sausage Company Inc.,0,1,1
802 VT Frozen,0,1,1
Valley Meat Co.,0,1,1
J&B Brand Wholesale Meats,0,1,1
Charlie's Pride,0,1,1
"International Casings Group, Inc.",0,1,1
Vandal Brand Meats,0,1,1
Confucius,0,1,1
Van's Kitchen,0,1,1
Joseph's Food Products Co. Inc.,0,1,1
Cross Creek Foods,0,1,1
Source One Imports,0,1,1
Uncle John's Pride,0,1,1
Peppino Foods,0,1,1
Falcon Foods,0,1,1
Universal Pasteurization,0,1,1
Costco Mexico,0,1,1
Target (Market Pantry),0,1,1
Giant Eagle,0,1,1
Hanaford,0,1,1
Harris Teeter,0,1,1
Kroger,0,1,1
Kroger (Heritage Farms),0,1,1
Safeway,0,1,1
Sam's (Daily Chef),0,1,1
The Hillshire Brands Co.,0,1,1
UPC,0,1,1
Tyson Foodservice,0,1,1
Vermont Smoke and Cure,0,1,1
University Of Nebraska,0,1,1
Unity Beef,0,1,1
Unity Brand Halal Co.,0,1,1
Unity Brand Halal Products,0,1,1
Unity Brand Products,0,1,1
Garcia,0,1,1
Sally Sherman Foods,0,1,1
DBA - Meyer Premium Wholesale,0,1,1
Tinian Reserve Beef,0,1,1
Pilgrim's Signature,0,1,1
Thomas Brothers Ham Co.,0,1,1
Columbian Kid,0,1,1
Thompsons Smokehouse,0,1,1
"f/k/a Tillamook Country Smoker, Inc.",0,1,1
CarnivoreHouse,0,1,1
Mummified Jerky,0,1,1
Chicken Ring Things,0,1,1
Meyer Premium Wholesale,0,1,1
Country Post,0,1,1
Rancho Durado,0,1,1
Clean Up Chef,0,1,1
Ring Thins,0,1,1
Round Hill,0,1,1
Shin Valley,0,1,1
Valley Pride,0,1,1
Arizona Gold LTD,0,1,1
Kosher Gourmet,0,1,1
Azia Halal,0,1,1
Atlanta Sausage Company,0,1,1
Stock Yards Greensburg,0,1,1
Stock Yards of Greensburg,0,1,1
Stock Yards Meat Packing Company of Buffalo,0,1,1
SRA FOODS,0,1,1
STOCK YARDS MEATPACKING COMPANY,0,1,1
Stock yards of Birmingham,0,1,1
Stock Yards Phoenix,0,1,1
FirstClass Foods Inc.,0,1,1
Stock Yards of Florida,0,1,1
Barone Foods,0,1,1
Stockyards Meat Packing,0,1,1
Stockyards/Barone,0,1,1
USA Canning,0,1,1
USA HAM,0,1,1
2nd Ave Deli,0,1,1
Food Lion,0,1,1
Tyson ( Spare Time ),0,1,1
Ivy Mountain Products,0,1,1
Hy-Vee,0,1,1
"ROCKINGHAM POULTRY, INC.",0,1,1
Wild Creek (Noble Premium Bison),0,1,1
Red Top Farms Kearney,0,1,1
D'Artagnan,0,1,1
Pilgrims,0,1,1
Beck & Bulow,0,1,1
Hill Country Fare,0,1,1
Members Mark,0,1,1
"WAMPLER FOODS, INC.",0,1,1
Simply Truth,0,1,1
Pro-Visions Packing,0,1,1
Nor-Am Ice and Cold Storage,0,1,1
Pilgrim's Gold Kist Farms,0,1,1
Sweet Georgia Brown,0,1,1
To-Ricos,0,1,1
Pilgrims Corporation,0,1,1
Foris Extraordinary Meats,0,1,1
"Rockingham Poultry, Inc.",0,1,1
Costco (Kirkland),0,1,1
Dearborn Brand E Side R Store,0,1,1
Shen Valley Farms,0,1,1
WR RESERVE,0,1,1
Shen Valley Provisions Co.,0,1,1
"Wampler Foods, Inc.",0,1,1
"Wampler-Longacre, Inc.",0,1,1
JBS Swift,0,1,1
Rockingham Poultry,0,1,1
Pasta Mia,0,1,1
Newport Meat Company,0,1,1
Nicolosi Fine Foods,0,1,1
Dan Rich,0,1,1
"Cultural Cusine, Inc.",0,1,1
Berkshire Black,0,1,1
SYSCO DESERT MEAT & PROVISION,0,1,1
"Newport Meat Company, Inc.",0,1,1
Fulton Provision Company,0,1,1
Kirkland's,0,1,1
Pilgrims/JBS,0,1,1
Ritter's,0,1,1
Costco,0,1,1
Tyson Refrigerated Processed Meats,0,1,1
IBP Inc.,0,1,1
Doskocil Food Service Company,0,1,1
Rosani Foods,0,1,1
"Tyson Poultry, Inc",0,1,1
Wakefern,0,1,1
Havlik's Locker Plant,0,1,1
Choctaw Maid Farms,0,1,1
Godshall's Quality Meats,0,1,1
Houston Farms,0,1,1
Howard County Farms,0,1,1
"Brennan Packing Company, Inc.",0,1,1
Lady Aster Food Service,0,1,1
Victor F. Weaver Company,0,1,1
Victor F. Weaver,0,1,1
Aldi (Kirkwood Brand),0,1,1
"Tyson Fresh Meats, INC.",0,1,1
Ibp Inc.,0,1,1
Transcontinental Cold Storage,0,1,1
TransContinental Cold Storage,0,1,1
Riverbend Ranch Steaks,0,1,1
Kirkwood,0,1,1
Tyson Farms Inc.,0,1,1
Tyson Sales and Distribution. Inc.,0,1,1
Brennan Packing Co.,0,1,1
"Tyson Sales & Distribution, Inc",0,1,1
DELIGHTFUL FARMS,0,1,1
HOWARD COUNTY FARMS,0,1,1
TSD SALES AND DISTIBUTION,0,1,1
"TYSON FARMS, INC",0,1,1
Hudson Foods,0,1,1
ALDI Inc.,0,1,1
Lucerne Foods Inc.,0,1,1
Wal-mart (Great Value Brand),0,1,1
The Kroger Company,0,1,1
Pepe's Wonderful Mexican Food,0,1,1
Aventura Gourmet Mexican Foods,0,1,1
Mucca,0,1,1
Addiction Meals,0,1,1
High Line Meats,0,1,1
Rembrandt Foods,0,1,1
Thousand Hills Lifetime Grazed,0,1,1
Fresh Creative Foods,0,1,1
Iowa Meat Company,0,1,1
Keokuk Hills Beef,0,1,1
Thunder Ridge Beef Company,0,1,1
Three60BTB,0,1,1
Stacyville Poultry Processing,0,1,1
Rettland Farm Meat Company,0,1,1
The Farmstead Butcher,0,1,1
Great River Foods,0,1,1
Valley Star Corp.,0,1,1
Bombay Kitchen,0,1,1
D and S Country Meats,0,1,1
Quality Foods,0,1,1
Reliable Brands Inc.,0,1,1
"S.W. (Red) Smith, Inc.",0,1,1
Quality Meats & Seafood,0,1,1
Thomas Farm Quality Meats,0,1,1
Chef's Pride,0,1,1
Rick's Barbecue,0,1,1
Rick's Barbecue Wholesale,0,1,1
Ajuua,0,1,1
Gerry's Grill,0,1,1
Ajuua Mexican Restaurants,0,1,1
LG RG & SG Inc.,0,1,1
Rising Spring Meat Company,0,1,1
Byron's BBQ,0,1,1
County Butcher Shop,0,1,1
"Charles Ritter, Inc",0,1,1
Philadelphia's Finest,0,1,1
Ritter Foods,0,1,1
Penny Hen,0,1,1
Gina Gallina,0,1,1
Rich Products,0,1,1
Mark's Quality Meats and Culinary Specialties,0,1,1
Specialty Stuffed Meats,0,1,1
People's Meat Market,0,1,1
Heroes Government Supply,0,1,1
Philly-Gourmet Homestyle Patties (Turkey) Est. # P-2130,0,1,1
Moesle Meats,0,1,1
Newport Pacific Corp.,0,1,1
Mo's Seafood & Chowder,0,1,1
Mistica Ranch Meats,0,1,1
Quaker Maid Steaks,0,1,1
Steak-Umm Steaks,0,1,1
Mission West Community Development Partners,0,1,1
Philly Gourmet,0,1,1
JAS Investments,0,1,1
Ready Pac,0,1,1
Michael's Provision,0,1,1
"Frigorifico y Almacen del Turabo, Inc.",0,1,1
Quincy Street,0,1,1
Quincy Street Quality Meats,0,1,1
Old World Meat Market,0,1,1
Philly Steaks,0,1,1
Murry's Family of Fine Foods,0,1,1
Q.P.S.,0,1,1
Indiana Packers Co,0,1,1
Q.R.S.,0,1,1
Quality Processing Services,0,1,1
"Quality Processing Services, LLC",0,1,1
Quality Sausage Company,0,1,1
Pine Hill Fresh Foods,0,1,1
Quincy Street Meats,0,1,1
Quik Pick Express,0,1,1
Indiana Packers Corp,0,1,1
"Chef America, Inc.",0,1,1
"Itoham Foods, Inc",0,1,1
Pyramid Incorportated,0,1,1
"Pyramid, Inc.",0,1,1
Quincy Quality Meats,0,1,1
"Wholesale Trading, Inc.",0,1,1
Jerry's Foods,0,1,1
Smokehouse,0,1,1
Champion Meat,0,1,1
Blackwood Farms,0,1,1
Richmond Peak Quality,0,1,1
Myers Meats And Specialities,0,1,1
"HUDSON VALLEY CATTLE COMPANY, INC.",0,1,1
Procesadora La Esperanza Inc,0,1,1
TERE FOODS,0,1,1
DOnA Patria,0,1,1
DEL CAMPO,0,1,1
Lou's Pizza,0,1,1
Steiner Packer Company,0,1,1
Rotisserie Chicken,0,1,1
Nature's Gourmet Farm,0,1,1
Philly Gourmet Shaved Steak,0,1,1
"Stahl-Meyer Foods, Inc.",0,1,1
Mama Lucia Meatballs,0,1,1
Masters,0,1,1
J. Scott Foods,0,1,1
Mei Mei Dumplings,0,1,1
Marcos Mexican Foods,0,1,1
"Nat Kagan Meat & Seafood, Inc.",0,1,1
Longanizas Don Felix,0,1,1
Richmond Cold Storage,0,1,1
Mountaire Farms Delaware,0,1,1
USDA Inspector's Office Telephone 205-940-9646  ext. 205,0,1,1
Mrs. Budd's,0,1,1
Budd Foods,0,1,1
MMi Culinary,0,1,1
King Creole,0,1,1
Maxfield Foods,0,1,1
Fiesta Campesina,0,1,1
La Abuelita,0,1,1
Angelina's,0,1,1
"Guidry's Catfish, Inc.",0,1,1
S.F. Downer Corp.,0,1,1
Victoria Brand,0,1,1
NEW YORK NATURAL,0,1,1
Premium Pack Meats,0,1,1
NPC Processing,0,1,1
Danny Boy Brand,0,1,1
Medina Foods,0,1,1
Cottonwood Manufacturing,0,1,1
Goldrush Farms,0,1,1
Metabolic Meals,0,1,1
Randy's,0,1,1
Driscoll Foods,0,1,1
Mambi,0,1,1
"Randy's Frozen Meats, LLC",0,1,1
Randy's Good Stuff,0,1,1
Randy's Pizza,0,1,1
Agar Foods LLC,0,1,1
Rastelli's Fine Foods,0,1,1
The Livestock Institute of Southern New England,0,1,1
Rastelli Brothers Inc,0,1,1
"Healthspan Foods, LLC",0,1,1
McCain Snack Foods,0,1,1
Grace Foods,0,1,1
Red Bird Farms,0,1,1
Springdale Packing Co.,0,1,1
Maui Cattle Company LLC,0,1,1
MSU Meat lab,0,1,1
Ranchers Legacy,0,1,1
"Rancher's Pride Halal Meats, LLC",0,1,1
Prather Ranch,0,1,1
Bryant Family Farms,0,1,1
Kubisch Sausage Co.,0,1,1
Stampede Packing Co.,0,1,1
RJ's Meats & Groceries,0,1,1
Colorado Fresh,0,1,1
Triple C Venture,0,1,1
Manhatten Foods Company,0,1,1
McLean Beef Butcher Shop,0,1,1
McDonald's Meats Inc.,0,1,1
Grettler Meats,0,1,1
Supreme Meats,0,1,1
Rastelli Export,0,1,1
Mama Lucia's Homestyle Meatballs,0,1,1
Michael's Finer Meats and Seafoods,0,1,1
Tiffs Kitchen,0,1,1
Vega Gourmet,0,1,1
Schwans,0,1,1
Whole Foods,0,1,1
PFG,0,1,1
Greenwise,0,1,1
Nature's Promise,0,1,1
Open Nature,0,1,1
Sprout's,0,1,1
The Blair Meat Market,0,1,1
"Oberto Snacks, Inc.",0,1,1
"Marco Foods Fresh Pasta MFG., Inc",0,1,1
Roma,0,1,1
Harvest Land,0,1,1
Vistar,0,1,1
"Middendorf Meat Company, LLC",0,1,1
PFG Middendorf,0,1,1
Gourmet Kitchens,0,1,1
Onofrio's J & E Enterprises,0,1,1
Marky's,0,1,1
Schiavo's Pasta,0,1,1
Shenondoah,0,1,1
Cook n' Good,0,1,1
Pete's Meats Brand,0,1,1
"OSI Food Company, A division of OSI Industries, LLC",0,1,1
Piccolo Provisions,0,1,1
"Pikalo Bakery, Inc.",0,1,1
Pikalo Empanadas,0,1,1
Old World Provisions,0,1,1
CN PPC,0,1,1
"Otto & Sons Stockyards, A division of OSI Industries, LLC",0,1,1
Otto & Sons - Stockyards,0,1,1
ConAgra Poultry Company,0,1,1
Weis,0,1,1
Redi-Serve Foods,0,1,1
On-Cor Frozen Foods,0,1,1
"Otto & Sons West Jordan, a division of OSI Industries, LLC",0,1,1
Jersey Shore Brand,0,1,1
Performance Food Group Middendorf,0,1,1
Wegman's,0,1,1
PFG Steaks. com,0,1,1
PERDUE INC,0,1,1
Eat Fit Go Healthy Foods,0,1,1
Papa Charlie's Italian Beef,0,1,1
Pacific Provisions Hawaii,0,1,1
Empire Seafood,0,1,1
Performance Food Group Virgin,0,1,1
PFG Virginia Food Service,0,1,1
SHENANDOAH VALLEY FARMS,0,1,1
Pacific Coast Container Inc.,0,1,1
Pasta Sisters,0,1,1
H&W Foodservice,0,1,1
Palama Meat,0,1,1
Michael Foods,0,1,1
Laird Meat Co,0,1,1
Laird Sheep Co.,0,1,1
SHENANDOAH PRODUCTS INC,0,1,1
Don Jose Chicharrones,0,1,1
Patterson Food Processors,0,1,1
Texas Meat Packers,0,1,1
Central Vermont Meats,0,1,1
NORPAC,0,1,1
Ferris,0,1,1
PacAgri Foods,0,1,1
Billy  Boy's,0,1,1
Tawakal Meats,0,1,1
Papis Cuban Grill,0,1,1
Fantasma's Finest,0,1,1
Paradise Meats,0,1,1
"Kingsford Industries, Inc",0,1,1
Kitch'n Fix'n,0,1,1
"Tri-State Processing Co., Inc",0,1,1
European Heritage,0,1,1
Krueger Sausage Company LLC,0,1,1
Greener Pastures Chicken,0,1,1
Joe's Jerky,0,1,1
Clearfork Foods,0,1,1
Eat Fit Go,0,1,1
Granny's Gourmet,0,1,1
Texas Meat Company,0,1,1
Retail Meat Market,0,1,1
Pete's Meats,0,1,1
Klement's Sausage Company,0,1,1
Dolce Vita,0,1,1
Meninno Brothers Foods,0,1,1
GREENSBORO PACKERS,0,1,1
HABBERSETT,0,1,1
Hatfield,0,1,1
JONES DAIRY FARM,0,1,1
RALPH & PAUL ADAMS SCRAPPLE,0,1,1
Jerry's,0,1,1
"Whitefeather Foods, Inc.",0,1,1
R&R Provisions Company Inc.,0,1,1
Cub Foods,0,1,1
"Fairplay Packaging, LLC",0,1,1
Rose Gourmet,0,1,1
Home Delivery,0,1,1
Oscar Super Cash & Carry,0,1,1
New England Meat Company,0,1,1
"Nestle Prepared Foods Company, Inc.",0,1,1
Elevation Foods,0,1,1
Butcher House Cuts,0,1,1
Pete's Meat Market,0,1,1
Rafka Foods,0,1,1
Mills County Meat Company,0,1,1
Don Pedro's Meat,0,1,1
"RQM, Inc.",0,1,1
Sandbar Peppers,0,1,1
Troino's Gourmet,0,1,1
Jemila Foods,0,1,1
"CBBC OpCo, LLC",0,1,1
Miller Charm Farm Custom Butchering,0,1,1
Country Market,0,1,1
Good Natured Family Farms,0,1,1
MCF,0,1,1
Todito Mio,0,1,1
Bocao Eats,0,1,1
Franklin Locker,0,1,1
Schnuck's,0,1,1
Sandridge - Morton Facility,0,1,1
Old Wisconsin Food Products,0,1,1
Smokey Ridge Meats,0,1,1
On the Fly,0,1,1
COLEMANS,0,1,1
SunFed Beef,0,1,1
Mishima Reserve,0,1,1
IVR,0,1,1
Brawley Beef,0,1,1
Brandt Beef,0,1,1
CAROLINA FARE,0,1,1
CHEFS CHOICE,0,1,1
COOKIN GOOD,0,1,1
Old World Naturals,0,1,1
COUNTRY CORNER,0,1,1
HARVESTLAND,0,1,1
Baja Beef,0,1,1
Pennysworth,0,1,1
Roundy's,0,1,1
"Ohanyan's, Inc.",0,1,1
Performance Foodservice Middendorf,0,1,1
Baja,0,1,1
Baja Vida,0,1,1
Cowboy Codys Jawbox,0,1,1
Gnarly Gerky,0,1,1
PERDUE,0,1,1
Smokie Products,0,1,1
SHENANDOAH HALAL,0,1,1
SHORELINE,0,1,1
SIMPLY SMART,0,1,1
"OSI West Chicago, a division of OSI Industries< LLC",0,1,1
Family Feast,0,1,1
Pennys Worth,0,1,1
Ritter's Poultry,0,1,1
Replenishment Center,0,1,1
Route 66 Beef Jerky,0,1,1
Henderson Meat Processors,0,1,1
PENNYSWORTH,0,1,1
KIRKLAND,0,1,1
Gourmet Creations,0,1,1
Carvers Choice,0,1,1
GMS DBA Sun Commodities,1,0,1
"L.S.I., Inc.",1,0,1
"Florida First Meats Co., LLC",1,0,1
Fine Mexican Food Products,1,0,1
"Finger Food Products, LLC",1,0,1
"Five Star Meat, Inc., DBA Emir Halal",1,0,1
Flanders Provision,1,0,1
Flannery Beef,1,0,1
"Fleish Yavesh, Inc.",1,0,1
Flex Xray LLC,1,0,1
"Flocchini Family Provisions, Inc.",1,0,1
"Flock Foods, LLC",1,0,1
Flora Fine Foods,1,0,1
Flores Brothers Inc.,1,0,1
"Florida Beef, Inc.",1,0,1
Florida Country Inns Inc.,1,0,1
"Florida Meat Packaging, Inc.",1,0,1
Firetruck Bar-B-Que,1,0,1
Florida Prime Snacks LLC,1,0,1
"Flour Child Baked Goods, LLC",1,0,1
Flowers Slaughter House,1,0,1
Flushing Meat,1,0,1
Flying Food Group,1,0,1
"Five Star Food Products, Inc.",1,0,1
Five Star Breaktime Solutions,1,0,1
Five Marys Custom Meat Co.,1,0,1
"Five Goods, Inc.",1,0,1
Fioma Farm L.L.C.,1,0,1
"Fiore Di Pasta, Inc.",1,0,1
Fiore Meats LLC,1,0,1
Fiori-Bruna Pasta Products,1,0,1
Fine Foods of South Florida,1,0,1
Farmview Market,1,0,1
Farmstead Butcher Block LLC,1,0,1
Farmington Meat Co. Inc.,1,0,1
Fermentato,1,0,1
Fernandez Meat Processing LLC,1,0,1
Fernandez Sao Jorge Linquica,1,0,1
"Fieldsource Food Systems, Inc.",1,0,1
"Fieldstone Meats Of Alabama, Inc.",1,0,1
Fiesta Meats LLC,1,0,1
Fifty Four Eleven Store 2 LLC,1,0,1
Filet of Chicken,1,0,1
Fatman's Beef Jerky,1,0,1
Film Logic Distribution LLC,1,0,1
Fathead Peppers,1,0,1
Farview Farms Meat Company,1,0,1
"Famous Chili, Inc.",1,0,1
Famous Natchitoches LA Meat Pie Co.,1,0,1
Fanny Food Peruvian Corp.,1,0,1
Fargo Packing Company,1,0,1
"Farm Creek Meats, LLC",1,0,1
"Farm Fresh Food Suppliers, Inc.",1,0,1
"Farm Fresh Foods, LLC",1,0,1
Farm Fresh Turkey Products,1,0,1
Farmer Jones Factory,1,0,1
Farmer's Pride,1,0,1
Farmers Feeding Utah,1,0,1
Farmers Produce,1,0,1
"Farmers Union Industries, LLC",1,0,1
Farmhouse Meat Company,1,0,1
"Farmingdale Meat Markets, Inc./Main Street Wholesale Meats",1,0,1
"Firehouse Jams, LLC",1,0,1
Firmenich Incorporated,1,0,1
Felito's Finest LLC,1,0,1
"KAHIKI FOODS, INC.",1,0,1
Kased Brothers' Halal Meats,1,0,1
"Kasia's Deli, Inc.",1,0,1
"Kabobs Aquisition, LLC",1,0,1
Kassian Farms LLC,1,0,1
KW Properties LLC,1,0,1
"KRES Cold Storage , LLC",1,0,1
K&K International Inc.,1,0,1
K&L Ranch Inc.,1,0,1
K&M Foodservices of Colorado,1,0,1
"K&M Meat Packing Co., Inc.",1,0,1
K-D Market Inc.,1,0,1
"K. Heeps, Inc.",1,0,1
"K. T.'s Kitchens, Inc.",1,0,1
KBBQ Meat Company,1,0,1
First Choice Marine Supply,1,0,1
"KBDetroit, LLC",1,0,1
"KC Farms Meats, LLC",1,0,1
KD Latin Food Inc,1,0,1
"KFS LFG, LLC",1,0,1
KIA LLC,1,0,1
KINRO MANUFACTURING LLC,1,0,1
KIWI KUISINE,1,0,1
"KJPL Restaurants, Inc.",1,0,1
KLP Specialty Food,1,0,1
KMB Foods,1,0,1
KTF Protein Solutions Inc.,1,0,1
"Katadyn North America Foods, LLC.",1,0,1
Katie's Snack Foods,1,0,1
Kartveli LLC,1,0,1
"Karn Meats, Inc.",1,0,1
"Karlsburger Foods, Inc.",1,0,1
Kansas State University,1,0,1
"Fontana Flavors, Inc.",1,0,1
Fischer Meats,1,0,1
Fischer's Production Center,1,0,1
Fish Processors,1,0,1
Fishel's Moravian Style Chicken Pies,1,0,1
Fisher's Homestyle Salads LLC,1,0,1
"Fisher's Meats Lewisburg, LLC",1,0,1
Fishmarket Inc.,1,0,1
Fishtail Food Distributing,1,0,1
Fitch Ranch Artisan Meat Company,1,0,1
Fitza Pizza,1,0,1
"Fischer's Meat Market, Inc.",1,0,1
Harv's Butcher Shop,1,0,1
"Harvest Farms Solutions, Inc.",1,0,1
"Harvest Food Group, LLC",1,0,1
Kabobs2go LLC,1,0,1
"Kadejan, Inc.",1,0,1
Kah and Company Incorporated,1,0,1
Kaiser Foodline LLC,1,0,1
Kalaheo Jerky Co. LLC,1,0,1
Kalapooia Valley Grassfed Processing,1,0,1
Kallis German Buthcer Shop Inc.,1,0,1
Kam Fung Wong,1,0,1
"Kanab Custom Meats, Inc.",1,0,1
"Kanani Foods II, Inc.",1,0,1
Kandu Industries Inc,1,0,1
Kansas Marine,1,0,1
"Fells Point, LLC",1,0,1
Felbro Culinary Specialties,1,0,1
Kern Meat Co. Inc.,1,0,1
"Foothill Meat Company, Inc.",1,0,1
"Fotis and Son Imports, Inc.",1,0,1
Four Star Foods,1,0,1
Four Star Meat Co,1,0,1
"Four Star Meat Product Co., Inc.",1,0,1
Four Story Hill Farm Inc.,1,0,1
"Fourth Street Barbecue, Inc.",1,0,1
Fox Tree Farm,1,0,1
"Fra' Mani, LLC",1,0,1
Fraboni Sausage,1,0,1
Francisco's Meat Company,1,0,1
Foreman's Boudin,1,0,1
Frango Mineiro Live Butcher Shop LLC,1,0,1
Ford Brothers Wholesale Meats Inc,1,0,1
Food Benefit Company,1,0,1
"Foodland Super Market, Limited",1,0,1
Food Fusion NJ LLC,1,0,1
"Food Ingredients Technology Company, LLC",1,0,1
Food Kits LLC,1,0,1
"Food Marketing Consultants, Inc.",1,0,1
Food Parade,1,0,1
Food Processing and Innovation Center (FPIC),1,0,1
Food Ranch Farms,1,0,1
Food Services Inc.,1,0,1
"Food Solutions 2, Inc.",1,0,1
Food Supply Inc.,1,0,1
Food X Inspections LLC,1,0,1
"Foodbrands Supply Chain Services, Inc.",1,0,1
Foodie'J Inc,1,0,1
"Foster  Poultry Farms, LLC",1,0,1
Forum Meat Company,1,0,1
Fortune Wisconsin,1,0,1
"Forsman Farms, Inc.",1,0,1
El Rodeo Diced Meats Inc.,1,0,1
El Rey Meat Company,1,0,1
El Rey Chorizo LLC,1,0,1
Egea Food LLC,1,0,1
Egg 24-7,1,0,1
"Eggert Slaughtering, Inc.",1,0,1
"Eickman's Processing Co., Inc.",1,0,1
El Acapulco Tamales LLC,1,0,1
"El Aguila Foods, Inc.",1,0,1
El Campestre Inc.,1,0,1
"El Charrito Foods, Inc.",1,0,1
El Corral Meats,1,0,1
El Grande Chicharron,1,0,1
El Maguey Dorado Corporation,1,0,1
El Merendero Posa's,1,0,1
El Paso Prepared Foods,1,0,1
"El Popular Sausage Factory, LLC",1,0,1
El Porteno Inc.,1,0,1
"El Puerquito De Oro ll, Inc",1,0,1
"El Puerquito De Oro, Inc",1,0,1
"El Ranchito Jerky, LLC",1,0,1
El Greg Inc.,1,0,1
Hartman Enterprises Inc. DBA Hartman Meat Co.,1,0,1
Family Food Products Inc.,1,0,1
"Family Traditions Meat Company, Inc.",1,0,1
"Forest Pork Store, Inc.",1,0,1
Formosa Food Company Inc.,1,0,1
"Foodirect, Inc.",1,0,1
Foods On The Fly LLC,1,0,1
Fehdan Meat Processing LLC,1,0,1
FreezPak Logistics Suffolk,1,0,1
"Frank's Foods, Inc.",1,0,1
Frank's Pork Products,1,0,1
Frankie's Sausage,1,0,1
"Frase Foods, Inc.",1,0,1
"Fratelli Beretta Inc., DBA Busseto Foods",1,0,1
Fratelli Beretta USA Inc,1,0,1
Food Bank for the Heartland,1,0,1
"Fratelli Beretta USA, INC.",1,0,1
Fred's Meat and Processing,1,0,1
"Fredericksburg Lockers, Inc.",1,0,1
Free Bird Chicken,1,0,1
Freedom Meats Inc.,1,0,1
"Freedom Sausage, Inc.",1,0,1
Freeze-Dry Foods LLC,1,0,1
Foodway,1,0,1
"Freeze-Dry Foods, LLC",1,0,1
Freezer Services of Michigan LLC,1,0,1
"Fratelli Beretta USA, Inc.",1,0,1
Family Loompya Corporation,1,0,1
"Fontanini Foods, LLC",1,0,1
Flying Food Group LLC,1,0,1
"Fauquier's Finest Custom Meat Processing, Inc.",1,0,1
Favazza Specialty Foods,1,0,1
Favpep LLC,1,0,1
"Fayette Packing Company, Inc.",1,0,1
Fayman Food Group LLC,1,0,1
Feast Food Enterprises,1,0,1
Feather Rd Poultry Processing,1,0,1
"Frank Wardynski & Sons, Inc.",1,0,1
Frank Granato Importing,1,0,1
"Frank C. Corriher Beef & Sausage, Inc.",1,0,1
"Freezer Services of Michigan, L.L.C.",1,0,1
Foodz Depot Inc,1,0,1
Foothills Country Hams & Fresh Meats,1,0,1
Frank Brunckhorst Co. L.L.C.,1,0,1
"Frank Brunckhorst Co., L.L.C.",1,0,1
"Frank Brunckhorst Co., LLC",1,0,1
"Fremont Meat Market, Inc.",1,0,1
"Frenchy's Sausage Co., Inc.",1,0,1
"Fresh Advantage / Demakes Enterprises, LLC",1,0,1
Fresh Express Incorporated,1,0,1
Fresh Food Manufacturing Company,1,0,1
Fresh Food TOGO Inc.,1,0,1
Fresh Foods of Washington LLC,1,0,1
Fresh Gourmet Cuisine Corp,1,0,1
Fresh Grill LLC,1,0,1
Fresh Halal Meat LLC,1,0,1
"Fresh Halal Meat, Inc.",1,0,1
Fresh Healthy Habits,1,0,1
"Fresh Ideas Co., Inc.",1,0,1
Fresh Mark Canton,1,0,1
Fresh Mark Cold Storage,1,0,1
Fresh Mark Massillon,1,0,1
"Fresh Mark, Salem",1,0,1
Fresh N Fast HPP Inc,1,0,1
Fresh Texas LLC,1,0,1
Fremont Farms of Iowa L.L.P.,1,0,1
Fremont Beef Company,1,0,1
"Freightout.com, LLC",1,0,1
Ke'Fruits llc,1,0,1
Kern's Sausages Inc.,1,0,1
"Elysian Fields, LLC",1,0,1
Lakeside Meats,1,0,1
"LSI Specialty Meats, LLC",1,0,1
LTF Family Farm,1,0,1
La Adelita Food Company Inc.,1,0,1
La Bella Sausage,1,0,1
La Belle Farm Inc,1,0,1
"La Belle Farm, Inc.",1,0,1
"La Boucherie, Inc.",1,0,1
La Buona Pasta,1,0,1
La Casa Sierra & Associates Inc.,1,0,1
La Casa de el Pollo,1,0,1
"La Espanola Meat, Inc.",1,0,1
La Guadalupana,1,0,1
"Lakeside Foods, Inc.",1,0,1
Lamberti Packing Company,1,0,1
"Lee's Chop Suey, Inc.",1,0,1
"Laurienti & LaBate Meat, Inc.",1,0,1
Lawlers Southern Foods III LLC,1,0,1
"Lawry's Wholesale, Inc.",1,0,1
Lawson Institutional Foods,1,0,1
Laxson Provisions,1,0,1
Lazy Acre Meat Corp,1,0,1
LeMars Public Storage #3,1,0,1
LeMars Public Storage Inc.,1,0,1
Leader Meat Packing Corp.,1,0,1
"Leader Slaughterhouse, LLC",1,0,1
Lebanese Butcher Slaughter House Inc,1,0,1
Lechi Food Corporation,1,0,1
"Lee & Davis Meats, LLC",1,0,1
"LSBBQ Wholesale, LLC",1,0,1
"LPB, Inc.",1,0,1
"LOCUST POINT FARMS, LLC",1,0,1
LMDA LLC,1,0,1
"Keystone Foods, LLC.",1,0,1
"Khuus Sausage, Inc.",1,0,1
La Molisana Sausage Company LLC,1,0,1
La Montagne Holdings LLC,1,0,1
La Montina Inc D/B/A El Tigre,1,0,1
La Nonna Kitchen LLC,1,0,1
La Regina Atlantica LLC,1,0,1
La Salumina LLC,1,0,1
"La Terra Fina USA, LLC",1,0,1
La mina Meat& Provisions Corp.,1,0,1
"LaGustosa Food Products & Imports Co., Inc.",1,0,1
LaJo Genuine Italian Inc.,1,0,1
LaRosa Products,1,0,1
"LaRuche Imports, Inc.",1,0,1
Lacoronela Meat Processing,1,0,1
Ladyfingers Caterers/Ladyfingers Gourmet To Go,1,0,1
Lagudi Fresh Food Group,1,0,1
Lake Erie Frozen Foods Mfg. Co.,1,0,1
"Lake Geneva Country Meats, Inc",1,0,1
"Lake Haven Custom Meat Processing, LLC",1,0,1
La Joya Products,1,0,1
Lakes Farm Raised Catfish Inc,1,0,1
La Indi Poultry,1,0,1
La Favorita Food Processing,1,0,1
LINKO FOOD LLC,1,0,1
LJ's Beef Jerky LLC,1,0,1
"LJD Holdings, Inc.",1,0,1
Lee Kum Kee (USA) Foods Inc.,1,0,1
"Lee's Meats & Sausage, Inc.",1,0,1
Jose Enriquez Inc,1,0,1
Knaus Sausage House,1,0,1
Kiowa Locker System,1,0,1
"Kiowa Locker System, LLC",1,0,1
Kirby & Poe Slaughterhouse,1,0,1
Kirby and Holloway Provision Co.,1,0,1
Kiryas Joel Poultry Processing Plant,1,0,1
"Kissimmee River Foods International, LLC",1,0,1
Kissin Fresh Meats Inc.,1,0,1
Kitchen Cuts LLC.,1,0,1
"Kitchen Fresh Foods, LLC",1,0,1
Kitchen Majgek LLC,1,0,1
"Kite's Hams, Inc.",1,0,1
"Klassen Custom Butchering, LLC",1,0,1
Kleemeyer & Merkel Inc.,1,0,1
"Knights Butchering & Processing, LLC",1,0,1
Lee's Oriental Gourmet Inc.,1,0,1
Knockout Butchery,1,0,1
Knott's Wholesale Foods,1,0,1
"Koch Foods of  Montgomery, AL",1,0,1
Kiolbassa Provision Company,1,0,1
"Koch Foods of Ashland, LLC",1,0,1
Kinikin Processing,1,0,1
Kingsland Meat Distributors Inc.,1,0,1
Kickin Chicken,1,0,1
Kim Son Food Co.,1,0,1
Kim's Processing Plant Inc,1,0,1
Kimia Kitchen,1,0,1
"King Food Service, Inc.",1,0,1
"King Ge, LLC",1,0,1
Kiolbassa Provision Company Inc.,1,0,1
LA PASTA INC,1,0,1
LG Foods LLC,1,0,1
Keystone Meats Inc.,1,0,1
"Leeann Chin, Inc.",1,0,1
Legacy Agricultural Farms LLC,1,0,1
Lauretta Jean's,1,0,1
Laudermilch Meats Inc,1,0,1
"Latitude 36 Foods, LLC",1,0,1
Latitude 36 Foods LLC,1,0,1
Lamoy Meat Market Corp.,1,0,1
"Lancaster Quality Pork, Inc.",1,0,1
Land Mark Products Inc.,1,0,1
"Land O'Frost, Inc",1,0,1
"Land O'Frost, Inc.",1,0,1
"LandMark Snacks, LLC",1,0,1
"Landes Fresh Meats, Inc",1,0,1
"Langdon Locker, LLC",1,0,1
"Lao Khitsada Food, Inc.",1,0,1
LINK & CURE LLC,1,0,1
Lao Thai Nam Corp,1,0,1
"Lapids Korner, Inc.",1,0,1
Laredo Cold Storage,1,0,1
Laredo Cold Storage LLC,1,0,1
"Larry's Sausage Co., Inc.",1,0,1
Las Americas Frozen Foods Inc,1,0,1
Latin Bites Factory LLC,1,0,1
Latin Flavors Enterprise Inc.,1,0,1
"Latin Goodness Foods, LLC",1,0,1
"Latina Boulevard Foods, LLC",1,0,1
Lapid Food Inc,1,0,1
Johnson's Premium Sausage,1,0,1
"Jos. Sanders, Inc.",1,0,1
Kerr's Custom Butchering,1,0,1
Jireh Enterprises LLC,1,0,1
Kennedy Meat Market,1,0,1
Kenosha Beef International,1,0,1
Kenosha Beef International Ltd,1,0,1
"Kenosha Beef International, Ltd.",1,0,1
Kenrick's Meat Co.,1,0,1
Kensington Lockers Inc.,1,0,1
Kemper Foods International LLC,1,0,1
"Keystone Catering, LLC",1,0,1
K Brand Marine,1,0,1
"K & K Gourmet Meats, Inc.",1,0,1
"Jim's Spaghetti Sauce, LLC",1,0,1
Jimbonitas LLC,1,0,1
Jimenez Mexican Foods Inc.,1,0,1
Jive Turkey's LLC,1,0,1
Jim's Meat Market of Iron River LLC,1,0,1
Jo Mar  Provisions Inc.,1,0,1
"JoBurg Meats, LLC",1,0,1
Jobbers Meat Packing Co Inc,1,0,1
Joe Pagliuso & Brothers Inc.,1,0,1
Joe's Beef Jerky,1,0,1
Joey D's Chicago Style Eatery & Pizzeria,1,0,1
Johansen's Quality Meats,1,0,1
John & Sons,1,0,1
John F. Martin & Sons Inc.,1,0,1
John F. Martin & Sons LLC,1,0,1
"John Graves Food Service, Inc.",1,0,1
"John Hofmeister & Son, Inc",1,0,1
"John L Etzler, Inc.",1,0,1
"Kencor Ethnic Foods, Inc.",1,0,1
"Kenco Foods, LLC",1,0,1
"Ken Weaver Meats, Inc.",1,0,1
"Kemin Proteins, LLC",1,0,1
Kerry Inc,1,0,1
Kerry Ingredients & Flavours Inc.,1,0,1
Kerry Stock & Broth Company Inc.,1,0,1
"Kerry, Inc",1,0,1
"Kershenstine's Beef Jerky, Inc.",1,0,1
Kettle & Crust,1,0,1
"Kettle Cuisine Midco, LLC",1,0,1
"Kettle Cuisine, LLC",1,0,1
Kettle Range Meat Co. LLC,1,0,1
Kettle River Products,1,0,1
"KettleWorks, LLC",1,0,1
Kevin's Quality Meats,1,0,1
Key Cargo Marine/ Kenneth Santos,1,0,1
Key's Family Butcher Shop,1,0,1
Kentucky Meat Smith LLC,1,0,1
"Kent Quality Foods, Inc.",1,0,1
Kent Quality Foods Inc.,1,0,1
Kearny Cold Storage,1,0,1
"Keeter's Meat Company, LLC",1,0,1
Keith Valley Packing Company,1,0,1
"Keith Valley Packing Company, A Division of Ben E. Keith",1,0,1
Keller Warehousing and Co-Packing,1,0,1
Kelley Meats LLC,1,0,1
"Kelly Turkeys USA, LLC",1,0,1
"Kelly's Bar-B-Que, Inc.",1,0,1
"Kellys Foods, Inc.",1,0,1
"K&J Meat Processing, LLC",1,0,1
John R Morreale Meat Inc.,1,0,1
John Soules Foods Inc.,1,0,1
Jordan's Meat Market,1,0,1
John's Market,1,0,1
Junction Produce & More,1,0,1
"Juniata Packing Co.  / CCK, Inc.",1,0,1
Juniata Packing Co. / CCK Inc.,1,0,1
Junior's Smokehouse Processing Plant,1,0,1
"Juniper Creek Farms, LLC",1,0,1
Just Mike's Jerky Company,1,0,1
K & C Meat Processing,1,0,1
Josefa LLC,1,0,1
"Jose Santiago, Inc.",1,0,1
Jose Sanitiago,1,0,1
"Jose G. Flores, Inc.",1,0,1
John Volpi and Company,1,0,1
"John W. Williams, Inc.",1,0,1
John's Meat Market,1,0,1
Jim David Farm Fresh Meats,1,0,1
"John's Meats, LLC",1,0,1
John's Ravioli Company Inc.,1,0,1
John's Sandwich Shop Inc,1,0,1
"Johns Genova Delicatessen, Inc.",1,0,1
Johnson Bros Wholesale Meats I,1,0,1
K & S Sausage,1,0,1
"Johnson Meat Co., Inc.",1,0,1
Johnson's Smokehouse and Sausage Kitchen,1,0,1
Johnsons Sausage Shoppe,1,0,1
"Johnston's Locker Plant, Inc.",1,0,1
"Jones Butchering and Meat Processing, LLC",1,0,1
Jones Fish House Inc.,1,0,1
Jordan Casing Company,1,0,1
Julius Falkavage LLC,1,0,1
Julie's Pasture to Plate Meat Market and Processing LLC,1,0,1
Julias Columbian Food,1,0,1
"Julia's Southern Foods, LLC",1,0,1
"Jerky Boys, LLC",1,0,1
Janowski Hamburgers,1,0,1
January Foods Corp,1,0,1
"Janus Food Group, Inc.",1,0,1
"Japan Premium Beef, Inc.",1,0,1
Japanese Food Distributors,1,0,1
Jaren's Jerky,1,0,1
Jarrett Foods,1,0,1
"Jasper Meats, Inc.",1,0,1
"Jedediah Aspen, LLC",1,0,1
Jen's Breakfast Burritos LLC,1,0,1
"Jenkins Foods, Inc.",1,0,1
"Jennette Brothers, Inc.",1,0,1
"Jennie O Turkey Store Sales, LLC",1,0,1
"Jennie-O Turkey Store Sales, LLC",1,0,1
Jenniges Meat Processing Inc,1,0,1
"Jennings Premium Meats, Inc.",1,0,1
"Jensen Meat Company, Inc",1,0,1
"Jerky Junction, Inc",1,0,1
"John Volpi & Co, Inc",1,0,1
"John Volpi & Co, Inc.",1,0,1
John Volpi & Company,1,0,1
Joseph Epstein Foods Inc.,1,0,1
Joseph's Gourmet Pasta,1,0,1
Journeyman Meat Company,1,0,1
"Joyce Foods, Inc.",1,0,1
Jr Produce and Food Service Inc.,1,0,1
El Toro Meat Packing Inc,1,0,1
Elysian Fields Farms Inc.,1,0,1
"Gibson's Custom Butchering, LLC",1,0,1
"Garden Manor Farms, Inc.",1,0,1
Gahr's Hamloaf LLC,1,0,1
Gaiser's European Style Provisions Inc.,1,0,1
Galant Food Co,1,0,1
Gallucci's Fine Foods Inc.,1,0,1
"Good Foods Group, LLC",1,0,1
Gambino's Italian Eatery,1,0,1
"Ganaderos Alvarado, Inc.",1,0,1
Ganaderos Borges Inc.,1,0,1
Gangnam Gourmet Food LLC,1,0,1
Gap View Homestead,1,0,1
"Garcia's Meat Company, LLC",1,0,1
Gardella's Ravioli Co. & Italian Deli LLC,1,0,1
"Garden Fresh Foods, Inc.",1,0,1
Gamez Brothers Produce Co.,1,0,1
"Hacienda Central, Inc.",1,0,1
"Good To-Go, Inc.",1,0,1
Good to Go Fresh,1,0,1
GoodTimes Beef Jerky,1,0,1
"HOFC, LLC",1,0,1
HOFFMAN'S QUALITY MEATS,1,0,1
HPL Cold Storage LLC,1,0,1
HPL-Apollo,1,0,1
HPP Food Services,1,0,1
HRR Enterprises,1,0,1
HTE Food Corp,1,0,1
"HV Randall Foods, Inc.",1,0,1
"HV Randall Foods, LLC",1,0,1
HY-VEE FRESH COMMISSARY,1,0,1
Gagliano Sausage CO,1,0,1
Gabriele Properties Holding LLC,1,0,1
Ga Dong Nai,1,0,1
"GWB, LLC",1,0,1
Fulcher's Seafood,1,0,1
"G & L Meat Company, Inc.",1,0,1
GOA Sausage,1,0,1
GREISE BROTHERS PACKING INC.,1,0,1
Garland Ventures LTD,1,0,1
Garo's Basturma,1,0,1
"Gaspar's Sausage Co., Inc.",1,0,1
"Gate Gourmet, Unit 1002",1,0,1
Gateway America LLC,1,0,1
Gateway Refrigerated Warehouse LLC,1,0,1
Gaylord's Meats Co.,1,0,1
Geier's Sausage Kitchen,1,0,1
"Gelsinger's Meat, Inc.",1,0,1
Gem Food Services Corp.,1,0,1
Gemstone Foods,1,0,1
"Gemstone Ventures dba RCF, LLC or Gemstone Foods",1,0,1
Genco,1,0,1
Gene Wenger's Meats & Fine Foods,1,0,1
"General Mills, Inc.",1,0,1
General Snack Foods,1,0,1
"Generis, Inc.",1,0,1
Genesee Candy Land,1,0,1
"Garfield's Smokehouse, Inc.",1,0,1
Garfield Locker,1,0,1
Gardners BBQ,1,0,1
Garden Path Farms,1,0,1
GW BEEF COMPANY LLC,1,0,1
"Haass' Family Butcher Shop, Inc.",1,0,1
Hafiz Brothers Inc,1,0,1
"Fuji Food Products, Inc.",1,0,1
Harrison Poultry Inc.,1,0,1
"Hall-Namie Packing Company, Inc",1,0,1
Happy Valley Processing Inc.,1,0,1
Harbor Place Corp.,1,0,1
Harczak Sausage,1,0,1
"Hardison's Carolina Barbecue, Inc.",1,0,1
Haring Catfish,1,0,1
Harlon's LA Fish LLC,1,0,1
Harmon Brothers Meats,1,0,1
"Harpley's , LLC",1,0,1
Harrington's in Vermont Inc.,1,0,1
Harris Country Meats,1,0,1
Harris Ranch Beef Company,1,0,1
Harrison Harvesting And Processing LLC,1,0,1
"Harrison Poultry, Inc.",1,0,1
Hahn Bros. Inc.,1,0,1
Harry's Frozen Food,1,0,1
Hart Food Products Inc,1,0,1
"Hartford West Indian Bakery, Inc.",1,0,1
Hartland Abattoir Corp,1,0,1
Hartley Cold Services LLC,1,0,1
Happy Hog Meatery,1,0,1
Happy Day Restaurants,1,0,1
HapCor,1,0,1
Hanzlian's Sausage & Deli,1,0,1
Halpern's Steak and Seafood Company LLC,1,0,1
Halperns' Purveyors of Steak and Seafood,1,0,1
Halperns' Steak and Gary's Seafood,1,0,1
Halperns' Steak and Seafood,1,0,1
Hall's Warehouse Corp.,1,0,1
Halal Transaction of USA llc,1,0,1
HEB Meat Plant,1,0,1
HCSD Agri-Business Center,1,0,1
Haines Farming and Meat Processing,1,0,1
Halal Factory,1,0,1
Halal Farm LLC,1,0,1
Halal Farms U.S.A. Inc.,1,0,1
Halal International Processing,1,0,1
HLC Custom Processing LLC,1,0,1
Halal Meat Slaughter House,1,0,1
HILLANDALE FARMS,1,0,1
HEB Fresh Plant,1,0,1
Gulf States Cold Storage Co.,1,0,1
Gung Ho Corp.,1,0,1
Gur-Meat Inc.,1,0,1
Gurman Food Co.,1,0,1
Guymon Cold Storage,1,0,1
"Guymon Extracts, Inc",1,0,1
H & B Packing Co. Inc.,1,0,1
H & M Butchering,1,0,1
H & S Minit Mart LLC,1,0,1
H&L Custom Processing,1,0,1
"H&N Group, Inc.",1,0,1
"H-E-B, LP",1,0,1
"H. F. Meats, Inc.",1,0,1
H.B. Taylor Co.,1,0,1
H.M.G. Processing LLC,1,0,1
HB Exports,1,0,1
"HB Foods, LLC",1,0,1
"HBC Holdings, LLC",1,0,1
"Fuji Foods, Inc",1,0,1
"Frutarom USA, Inc.",1,0,1
"Halperns' Steak and Seafood Company, LLC",1,0,1
Golden Coin Food Industries,1,0,1
Georgia Meat Distributor Inc.,1,0,1
"Georgia Packing Co., LLC",1,0,1
Georgia Packing LLC,1,0,1
Georgia Premium Meats,1,0,1
"Gerber Poultry, LLC",1,0,1
Get Fresh Kitchen,1,0,1
Get Hooked Quality Foods Inc.,1,0,1
"Get Seafood, Inc.",1,0,1
Ghiringhelli Brothers,1,0,1
George E. Assadourian Inc.,1,0,1
Global Food Corp.,1,0,1
"Global Foods Group, Inc.",1,0,1
"Golden City Meats, L.L.C.",1,0,1
Golden Eagle Services,1,0,1
"Good Food Concepts, LLC",1,0,1
"Golden Farmer Processing, LLC",1,0,1
Golden Farms,1,0,1
Golden Gate Meat Company,1,0,1
Golden Gate Wine Country Meats,1,0,1
"Golden Gourmet, LLC",1,0,1
Golden Grains Bakery,1,0,1
Golden Krust Patties Inc.,1,0,1
"Golden Meat Co., LLC",1,0,1
"Golden Phoenix International Foods., Inc.",1,0,1
Golden Platter Foods Inc.,1,0,1
Golden Rod Broilers,1,0,1
Golden Valley Industries,1,0,1
"Gondola Brand Macaroni Products, Inc",1,0,1
Georgia Department of Corrections,1,0,1
Georgia Cold Storage Company,1,0,1
Georgia Cold Storage,1,0,1
"Georgelo Pizza - Chicago, Inc.",1,0,1
Gillo Brothers,1,0,1
Gino's Bar-B-Q Inc,1,0,1
Giordano's,1,0,1
"Giovanni Veal, Inc.",1,0,1
"Giovanni's Appetizing Food Products, Inc.",1,0,1
Glacier Processing Cooperative,1,0,1
Glatt Boy's Inc.,1,0,1
Glatt Organics LLC,1,0,1
Glazed Honey Ham Co,1,0,1
Glazier Packing Company Inc.,1,0,1
Gleaners Food Bank,1,0,1
"Glenn Valley Foods, LLC.",1,0,1
"Glenn's Market & Catering, Inc.",1,0,1
"Glenoaks Food, Inc.",1,0,1
Glenwood Snacks LLC,1,0,1
"Glier's Meats, Inc",1,0,1
Global Appetizers Inc.,1,0,1
"Gibbon Packing, LLC",1,0,1
Global Distributors,1,0,1
Gibbon Packing LLC/American Foods Group,1,0,1
George Farms,1,0,1
George Frozen Foods,1,0,1
George L. Wells Meat Company,1,0,1
George Nottoli & Son,1,0,1
"George's Brand Meats, LLC",1,0,1
"George's Chicken, LLC",1,0,1
George's Further Processing,1,0,1
Good Chaan,1,0,1
Golden California Meat Packer Inc.,1,0,1
Frozen Spot CORP.,1,0,1
G & W Hamery,1,0,1
GA ZABIHA FARMS Inc.,1,0,1
"GB Green Gastronome, LLC",1,0,1
"GBS Partners, Inc.",1,0,1
GC Food Factory LLC,1,0,1
"GDC Cold, Inc.",1,0,1
"GEORGE'S FOODS, LLC",1,0,1
GFI Colton LLC,1,0,1
GFI Northwest LLC / DBA Gourmet Foods International,1,0,1
"GFP Processors, LLC",1,0,1
"GICS Foods, LLC",1,0,1
GMR Freezer & Cold Storage,1,0,1
"G&C Food Distributors, Inc.",1,0,1
Wampler,0,1,1
"Fusion Ranch, Inc.",1,0,1
"Global Food Services, Inc.",1,0,1
Freshway Foods,1,0,1
"Fresno Meat Cuts, LLC",1,0,1
"Frez-N-Stor - Greenville, LLC",1,0,1
"Frez-N-Stor, Inc.",1,0,1
Frick's Quality Meats,1,0,1
Friends Cargo Int'l,1,0,1
Frigopack USA Inc,1,0,1
"Frito Lay, Inc.",1,0,1
Fritz's Superior Sausage Co.,1,0,1
Froehlich Packing Company,1,0,1
"Frontiere Natural Meats, LLC",1,0,1
Frozen Assets Cold Storage,1,0,1
"Frozen Specialties, Inc.",1,0,1
GA Small Ruminant Research and ExtCenter Ag Research College of Ag,1,0,1
GA Jerk LLC,1,0,1
G.G. RUPPERSBERGER & SONS INC,1,0,1
"G.A. Food Services of Pinellas County, LLC",1,0,1
"Golden Boar Product, Corp",1,0,1
"Gold Star Chili, Inc",1,0,1
"Global Freight Solutions, Inc.",1,0,1
Global Refrigerated Services,1,0,1
"Global Trading Enterprises LLC, DBA Rastelli Global",1,0,1
Glory's Bakery,1,0,1
Glutenlibre,1,0,1
Go Go Sales Inc.,1,0,1
"GoOats, LLC",1,0,1
Godfrey Bros. Meats Inc.,1,0,1
Godo's Restaurant & Oriental Mart,1,0,1
"Godshall's Quality Meats, Inc.",1,0,1
Goffle Road Poultry Farm,1,0,1
Gold Buckle Meats,1,0,1
Gold Creek Foods LLC,1,0,1
Gold Creek Foods LLC/Gold Creek Processing LLC,1,0,1
"Gold Creek Foods, LLC",1,0,1
Gold Crown Food,1,0,1
Gold Kosher Catering,1,0,1
"Goldbergs Commissary, LLC",1,0,1
George Brothers & Associates Inc,1,0,1
Genuine Meats LLC,1,0,1
"Gentleman Sausages, LLC",1,0,1
G&D Smokehouse and Mercantile,1,0,1
G&M Co.,1,0,1
G&W Meat & Bavarian Style Sausage,1,0,1
"G. C. Enterprises, LLC",1,0,1
Halperns' Steak and Seafood Company LLC,1,0,1
Halsey Food Service,1,0,1
Ely's Pork Products Inc.,1,0,1
Exel Inc DBA DHL Supply Chain,1,0,1
"Fabrique Delices, LLC",1,0,1
"Fairbury Steaks, Inc.",1,0,1
"Fairmont Foods, Inc.",1,0,1
"Fairmount Harvest, LLC",1,0,1
Fairmount Lockers,1,0,1
Fajita Haus Meat Processors LLC,1,0,1
"Fallon Livestock Processing, LLC",1,0,1
Falls Meat Service Inc.,1,0,1
FPL Food LLC,1,0,1
FPL Food,1,0,1
FOREM FACILITY MANAGEMENT,1,0,1
FM Meat Products LP,1,0,1
Exceptional Foods Inc,1,0,1
Exel Inc. dba DHL Supply Chain (USA),1,0,1
FED-RICK VEAL CO.,1,0,1
"Exel, Inc",1,0,1
Express Transfer and Trucking,1,0,1
Ezzo Sausage Company,1,0,1
F & C Seafood,1,0,1
F & M Sausage Co.,1,0,1
Embutidos Vallecrespo,1,0,1
F&C&R Investment Corporation,1,0,1
"F&S Produce Co., Inc.",1,0,1
F-16 Custom Cuts LLC,1,0,1
F.B. Purnell Sausage Company Inc.,1,0,1
FAJOLI E FAJOLI SERVICES LLC.,1,0,1
FAMILY KITCHEN RAVIOLI,1,0,1
FBS Hudson,1,0,1
Fabrika LLC,1,0,1
Fa Lu Cioli LLC,1,0,1
FW Logistics- Montezuma Cold Facility,1,0,1
FW Logistics,1,0,1
Emerson Distributing,1,0,1
"Emil's Pizza, Inc.",1,0,1
Emma-Leigh & Co.,1,0,1
"Emmaus Foods, LLC",1,0,1
EmpaNet LLC,1,0,1
Empacadora y Procesadora del Sur,1,0,1
Empanada Kitchen Happily Baked Corp,1,0,1
Empanadas 305,1,0,1
Empanadas Quintero,1,0,1
Empire Custom Processing LLC,1,0,1
"Empire Kosher Poultry, Inc.",1,0,1
Empire Packing Company LP,1,0,1
Emuna Inc,1,0,1
Encore Sausage Company,1,0,1
"Encore Seafoods, Inc.",1,0,1
Ensign Meats Inc.,1,0,1
Enslin & Son Packing Company,1,0,1
Entrepreneurial Kitchen,1,0,1
Epicurean Catering LLC,1,0,1
"Erie Bone Broth, LLC",1,0,1
Evergood Sausage Company,1,0,1
Evermade Foods,1,0,1
"FPL Food, LLC",1,0,1
"FPL Food, LLC - Freezer Division",1,0,1
"FREED, LLC",1,0,1
FULTON MARKET,1,0,1
FW Farms LLC.,1,0,1
"FCH Enterprises, Inc.",1,0,1
"Family Farms, LLC",1,0,1
Erika Lynch LLC,1,0,1
"Elaboracion Felo, Inc.",1,0,1
"EUROSTYLE DELI, INC",1,0,1
Eader's Butcher Shop,1,0,1
Eagle Bridge Custom Meat and Smokehouse,1,0,1
Eagle Grove Cooperative,1,0,1
Eagle Maritime Services Inc.,1,0,1
Eagle Rock Food Co,1,0,1
Earth Life Foods LLC,1,0,1
Earthwise Industries,1,0,1
East Conway Beef and Pork Processing,1,0,1
Edgewood Locker Inc.,1,0,1
Edmond's Chile Co. Inc,1,0,1
Edmunds Foods,1,0,1
El Zipote Foods,1,0,1
Elaboraciones Fiesta,1,0,1
Embutidos Fanguito Inc.,1,0,1
"Elburn Market, Inc. dba Ream's Meat Market",1,0,1
"Eldridge Tamales, LLC",1,0,1
"Elevation Foods, LLC",1,0,1
"Elizabeth Locker Plant, Inc.",1,0,1
"Elk County Processing & Provisions, Ltd.",1,0,1
"Elk Provision Co., Inc.",1,0,1
"Elkton Locker and Grocery, Inc.",1,0,1
Ellengee Market Co,1,0,1
Ellio's Pizza,1,0,1
Ellsworth Foods Inc.,1,0,1
Elmwood Locker Service,1,0,1
Elsie Mae Sweet Shop LLC,1,0,1
Elstner Meat Processing LLC,1,0,1
ESRO Food Group LLC,1,0,1
"ESPUNA, LLC",1,0,1
ER Logistics Consultant LLC,1,0,1
ENA Meat Packing Corp.,1,0,1
Embutidos Don Frank,1,0,1
East Texas Slaughter & Packing,1,0,1
East West LLC,1,0,1
Eastern Treats Speciality Food,1,0,1
"Easton Meat Services, Inc.",1,0,1
Eastside Cafe,1,0,1
Eastside Meats,1,0,1
"Eat Catering Concepts, LLC",1,0,1
Eatem Corporation,1,0,1
"Ebro Foods, Inc",1,0,1
Echo Lake Foods,1,0,1
"Eclectic Foods, LLC d/b/a Dirt Road Gourmet",1,0,1
EcoFriendly Foods,1,0,1
"Economy Cash & Carry, Inc.",1,0,1
"Economy Locker, LLC",1,0,1
"Eddy Packing Co., Inc.",1,0,1
"Edelweiss Meat Company, LLC",1,0,1
East Texas Beef Processors,1,0,1
Eden View Farms LLC,1,0,1
"East Mountain Dumplings, Inc.",1,0,1
East Coast 1st Venture Inc.,1,0,1
"ECI storage & logistics, inc",1,0,1
EDCA Foods,1,0,1
"EDS Wrap & Roll Foods, LLC.",1,0,1
"EL CHURRY, INC",1,0,1
EL FIRULETE EMPANADAS LLC.,1,0,1
ELP Franklin Foods Inc,1,0,1
Epicurean Delights LLC,1,0,1
"Evansville ARC, Inc.",1,0,1
"Halsted Street Market, Inc.",1,0,1
"Goshen, IN Canning Project",1,0,1
"Grassland Beef, LLC",1,0,1
"Grateful Pastures, LLC",1,0,1
Goya Foods of Florida,1,0,1
"Gray's & Danny's Investment, Inc.",1,0,1
"Gourmet Specialty Foods, LLC",1,0,1
Gourmet Republic,1,0,1
Goodman Food Products,1,0,1
"Goodman Food Products, Texas Inc.",1,0,1
"Goodnight Brothers Produce Co., Inc.",1,0,1
"Goodwell Foods, LLC",1,0,1
Gordo's LLC,1,0,1
"Gore's Processing, Inc.",1,0,1
Gosar Natural Foods L.L.C.,1,0,1
Goulart's Sausage Co.,1,0,1
Green Top Farms,1,0,1
Gourmet 3005 Inc.,1,0,1
Gourmet Boutique LLC,1,0,1
"Gourmet Boutique, LLC",1,0,1
"Gourmet Boutique, LLC SAT",1,0,1
"Gourmet Express Marketing, Inc.",1,0,1
Gourmet Foods International,1,0,1
Gourmet Game Processing,1,0,1
Gourmet Kitchen Inc,1,0,1
Gourmet Ranch,1,0,1
Gourmet Salads & Pickles,1,0,1
"Grayson Natural Farms, LLC",1,0,1
Graziano Gourmet Foods,1,0,1
Great  River Food,1,0,1
Grant Park Packing,1,0,1
Granna's LLC,1,0,1
"Granite State Packing Cooperative, Ltd.",1,0,1
Grandpapa's Inc.,1,0,1
Guillory's Fish Co.,1,0,1
"Ham Slices, LLC",1,0,1
Hamilton Meats Supply Inc.,1,0,1
Hampton Meat Processing,1,0,1
Hampton Premium Meats,1,0,1
"Hamzah Slaughter House, LLC",1,0,1
Hangsfood LLC,1,0,1
"Hannah International Foods, Inc.",1,0,1
Hanover Foods Corp.,1,0,1
Hans Kissle,1,0,1
"Hans Kissle Company, LLC",1,0,1
Hamakua Meat Processors LLC,1,0,1
"Freshpoint Bix Produce Company, LLC",1,0,1
"Guarino Wholesale Meats, Inc.",1,0,1
"Grossglockner, Inc.",1,0,1
"Goya Foods, Inc.",1,0,1
"Grab & Go, LLC",1,0,1
Grabill Canning Company,1,0,1
Gracekennedy Foods (USA) LLC,1,0,1
Graciana LLC,1,0,1
"Gracie's Kitchens, Inc.",1,0,1
"Grand Banks Specialty Food, LLC",1,0,1
Grand Food,1,0,1
Grand Prairie Foods Inc.,1,0,1
Grand Taste Corporation,1,0,1
Grand Valley Foods,1,0,1
Grandpa Glenn's Pet Treats,1,0,1
Green River Meats LLC,1,0,1
Green Tree Foodservice,1,0,1
Ernst Hotel Supply Co.,1,0,1
"Espostos Fine Foods, Inc.",1,0,1
Greater American Ribs Inc.,1,0,1
Grecian Delight Foods Inc.,1,0,1
Greeley Smokehaus & Meats,1,0,1
Green Bay Dressed Beef Cold Storage,1,0,1
"Green Bay Dressed Beef, Inc.",1,0,1
Great North Pizza Inc.,1,0,1
FreshRealm,1,0,1
FreshPoint Central Florida,1,0,1
Fresh Water Seafood,1,0,1
Eskimo Cold Storage,1,0,1
Eskimo Cold Storage - Building #2,1,0,1
Espey's Meat Market,1,0,1
Espi's Sausage and Tocino Co.,1,0,1
Esquivel's Forwarding Agency Inc.,1,0,1
Green Valley Foods,1,0,1
"Estherville Foods, Inc.",1,0,1
"Ethnic Food Concepts, LLC",1,0,1
Eugene Freezing & Storage,1,0,1
"Eureka Locker, Inc.",1,0,1
Eureka Sausage Company,1,0,1
"Euro Food, Inc., DBA Citterio USA Corporation",1,0,1
"Euro Foods Inc., d/b/a Citterio USA Corp",1,0,1
"Eurocaribe Packing Company, Inc.",1,0,1
European American Sausage Corp.,1,0,1
European Food Factory LLC,1,0,1
European Meat Emporium,1,0,1
Evangel International Foods,1,0,1
"Evans Meats, Inc.",1,0,1
Great Western Beef Company,1,0,1
Great Plains Beef,1,0,1
"Great Lakes Poultry, Inc.",1,0,1
Grupo Salvatex,1,0,1
Green Valley Packing Co Inc,1,0,1
Green's Quality Meats,1,0,1
"Greenbrier Meat Company, Inc.",1,0,1
"Greenco Industries, Inc.",1,0,1
Greenfield Foods Corporation,1,0,1
"Greenridge Farm, Inc.",1,0,1
"Greenridge Naturals, Inc",1,0,1
"Greer's Ranch House Sausage, LLC",1,0,1
Greer's Tennessee Country Hams,1,0,1
Griggstown Quail Farm,1,0,1
Grizzly's Custom Cutting Inc.,1,0,1
Grocery Outlet Inc.,1,0,1
"Groezinger Provisions, Inc.",1,0,1
Groff Meats Inc.,1,0,1
Grossglockner Inc.,1,0,1
"Green Mountain Smokehouse, Inc",1,0,1
"Green Meadows Foods, Inc",1,0,1
Green Hills Fresh Meats,1,0,1
"Green Dining Table, Inc.",1,0,1
"Great American Deli, LLC",1,0,1
Great American Trucking- Select Foods,1,0,1
Great Kitchens Food Company,1,0,1
"Great Kitchens Food Company, INC",1,0,1
"Great Lakes Cheese Company, Inc. - Wausau, WI",1,0,1
Great Lakes Cold Storage,1,0,1
"Great Lakes Packing Co., International, Inc.",1,0,1
Great Lakes Pot Pies,1,0,1
WOW,0,1,1
Gourmet Kosher,0,1,1
Wampler Longacre,0,1,1
Butcher's Pride Meat Group,0,1,1
Concierge,0,1,1
Holiday Foods,0,1,1
Honey Baked,0,1,1
Imperial Finest,0,1,1
Kelly Turkeys,0,1,1
Weavers of Wellsville,0,1,1
The Stuffed Burrito Co,0,1,1
Preferred Foods,0,1,1
Koshers Best,0,1,1
Orange County Poultry,0,1,1
Quality Halal Poultry,0,1,1
Quality Kosher,0,1,1
Tifereth,0,1,1
Kibberia Foods,0,1,1
Kite's Country Hams,0,1,1
Chesapeake,0,1,1
Better Food Concepts Occasions,0,1,1
Beacon Hill,0,1,1
Hurricane's Premium Soup & Chowder From Maine,0,1,1
K&M Meat Company Inc.,0,1,1
Primetime Steaks.com,0,1,1
CBC,0,1,1
Chicago Beef Company,0,1,1
"KBD, Inc.",0,1,1
Kay Packing,0,1,1
Empire Packing Co.,0,1,1
Babeth's Feast,0,1,1
Bernards,0,1,1
Kuck Farms,0,1,1
Mackenzie,0,1,1
Creighton Lockers,0,1,1
Albert Uster (AUI),0,1,1
Appetizer's USA,0,1,1
Kite's Virginia Hams,0,1,1
Green Village Packing Co.,0,1,1
Marketplace Foods,0,1,1
Coosa Valley Farms,0,1,1
Kettle River Pizza,0,1,1
Kettle and Fire,0,1,1
Coosa Valley Foods,0,1,1
"Equity Group Kentucky Division, LLC",0,1,1
"Equity Group Eufaula, Division, LLC",0,1,1
Keystone Foods LLC,0,1,1
"Equity Group Eufaula Division, LLC",0,1,1
Bonewerks Culinarte,0,1,1
Fairway,0,1,1
Cedar Creek Farms,0,1,1
None listed,0,1,1
King Food Service,0,1,1
A. Stein Meats,0,1,1
Brooklyn Burger Meat Products Inc.,0,1,1
Kettle River,0,1,1
Gourmet Royal,0,1,1
Port Union Foods,0,1,1
Kowalski Sausage Company Inc,0,1,1
Kehilla,0,1,1
Western Gourmet,0,1,1
Delectable Gourment,0,1,1
KYNY Foods,0,1,1
Universal Frozen Food Inc.,0,1,1
Kowalski Company Inc,0,1,1
Marquis Meats,0,1,1
"Dixie Distributors, Inc.",0,1,1
Simply Sides,0,1,1
Kohrs Packing Company,0,1,1
"Kraft Foods Group, Inc",0,1,1
Kiryas Joel Meat and Poultry,0,1,1
Kedas,0,1,1
Papa Sarge's Homemade Pierogies,0,1,1
"K&M Food Service, Inc.",0,1,1
Carter Creek Farms,0,1,1
Balley Plus,0,1,1
Kelly's Bar-B-Que,0,1,1
Blue Grass Quality Meats,0,1,1
Frank Bertolino Beef,0,1,1
Chef's Preferred,0,1,1
"Better Baked Foods of Erie, LLC",0,1,1
Bianco  Sons Quality Meats,0,1,1
Bianco & Sons,0,1,1
Bianco & Sons Inc.,0,1,1
Bianco & Sons Sausage,0,1,1
Smokehouse of Boston,0,1,1
Latella & Sons,0,1,1
MG Waldbaum Co.,0,1,1
"Michael Foods, Inc",0,1,1
Finger Lakes Meat Processing,0,1,1
Billy Jack's Pizza Pub,0,1,1
BillyDoe Meats,0,1,1
K.B. Packing Company,0,1,1
Blue Moon Bodega,0,1,1
Blalock Meat,0,1,1
Boyle's Famous Corned Beef,0,1,1
Boone's Butcher Shop,0,1,1
GTB Custom Meats,0,1,1
Meatworks of Kansas,0,1,1
Superior Farms - Boston Division,0,1,1
"F. B. Packing Co., Inc.",0,1,1
Carnivore Candy,0,1,1
Boyle's Famous Corned Beef Co.,0,1,1
Nantahala Meats,0,1,1
Braggs Corner Halal Meats,0,1,1
"Brand Aromatics, Inc.",0,1,1
Directional Foods,0,1,1
A Thomas & Sons Meat Co.,0,1,1
Double Red Provisions,0,1,1
Extra Value Meats,0,1,1
Augason Farms,0,1,1
Crown Canyon,0,1,1
Grizzley Ridge,0,1,1
Fresh mart,0,1,1
Royal Pacific,0,1,1
Meisterchef,0,1,1
Schonland's Foods,0,1,1
Triple M,0,1,1
CaboRojo Steaks,0,1,1
Finca Pastoreo,0,1,1
Island Beef,0,1,1
Essem,0,1,1
Mi Gente,0,1,1
Puerto Steaks,0,1,1
muu,0,1,1
Kelley Foods- A Divison of the Ben E. Keith Company,0,1,1
Savoir Fare,0,1,1
Oakstove,0,1,1
Kirschner,0,1,1
DeCosta,0,1,1
Live Prepared,0,1,1
Jordan's,0,1,1
National Graphic,0,1,1
Marbled,0,1,1
Blue Grass Foods,0,1,1
Diamond Pride,0,1,1
The Box Lunch Company,0,1,1
Cabrera's Slaughterhouse,0,1,1
Seacliff,0,1,1
Katie's Premium Jerky and Snacks,0,1,1
Kalaheo Jerky Co.,0,1,1
Kallis European Specialties,0,1,1
Karlsburger Kitchens,0,1,1
Alpine Aire Foods,0,1,1
KNA Foods,0,1,1
Katie's Beef Jerky,0,1,1
King Solomon Foods,0,1,1
King's Poultry Farm,0,1,1
Kingsland Foods,0,1,1
JMA Sausage & Meat Company,0,1,1
Jedediah's Catering and Concession,0,1,1
Jerome Golden Glo,0,1,1
"Union County Livestock, Inc.",0,1,1
Bonita's,0,1,1
Jimmy's Pizza,0,1,1
Jimenez Distributors Inc.,0,1,1
Gateway Meat Co.,0,1,1
Wilmar Ground Beef,0,1,1
Wilmar Meat Co.,0,1,1
Keystone Katie,0,1,1
Circle G Meats,0,1,1
Louis Rich Company,0,1,1
Oscar Mayer Foods Corporation,0,1,1
Delimex,0,1,1
Rockin L Smoky BBQ Company,0,1,1
"Ponce Distributors, LLC",0,1,1
MC Meat Corp,0,1,1
"Bianca Burgers, LLC",0,1,1
Graves Menu Maker,0,1,1
Julia's Pantry,0,1,1
Tak Yee Products,0,1,1
CCK Inc,0,1,1
Kunzler & Co Inc,0,1,1
Mr. G's Quality Cut Meats,0,1,1
Midwest Farm Meats,0,1,1
Gateway Meats,0,1,1
"Criss Cross Express of IL, LLC",0,1,1
Kowelli,0,1,1
Nomojji,0,1,1
Jamaican Flavors,0,1,1
James Foods Franchise,0,1,1
JMC Meats,0,1,1
"Criss Cross Express of IL, Inc.",0,1,1
Smoke Craft,0,1,1
Sysco Reliance,0,1,1
Vista Verde,0,1,1
Louie's Meat's,0,1,1
Richmond Premium Meats,0,1,1
Northwest Reserve,0,1,1
Radish,0,1,1
Copper Creek Farms,0,1,1
Zetko,0,1,1
Tastes of Chicago,0,1,1
Block & Barrel,0,1,1
Al-Maaedah,0,1,1
Bridgerland Premuim Meats,0,1,1
Carne Azteca,0,1,1
Carver's Craft,0,1,1
Kutztown Brand,0,1,1
Cascade Gold Premuim Meats,0,1,1
Certified Angus Beef,0,1,1
Ambassador Brand,0,1,1
Michael Foods Egg Products,0,1,1
Wasatch Meats,0,1,1
Lulu Restaurant Group,0,1,1
Western Pride,0,1,1
LuLu Chinese Express,0,1,1
LuLu Restaurant Group,0,1,1
Curtis Packing Company,0,1,1
Epicurean Eats,0,1,1
Epicurean Solutions,0,1,1
Prairie Creek,0,1,1
M.G. Waldbaum,0,1,1
"Sam A. Lupo & Sons, Inc.",0,1,1
Tacos El Unico,0,1,1
Dakota Trails Beef Company,0,1,1
M.C.H. Halal Meat,0,1,1
Cabo Primo,0,1,1
Cabo Classics,0,1,1
Tia Anita's DLT Group,0,1,1
Pico Pica,0,1,1
Joyce Farms,0,1,1
Jacob Fleishman Sales,0,1,1
Chef Pineriro's,0,1,1
Don Juan,0,1,1
Eric's Products,0,1,1
Mi Cosecha,0,1,1
JBQ Meats,0,1,1
Jacuterie,0,1,1
Jake's Meats,0,1,1
Lorissa's Kitchen,0,1,1
Arano,0,1,1
Renkos Pickled Polish Sausage,0,1,1
CCK Inc.,0,1,1
"JBS USA, LLC",0,1,1
Molina Provisions,0,1,1
Popular Meat Co,0,1,1
Acme Valley Foods LLC,0,1,1
JEB'S MEAT MARKET AND DINER,0,1,1
WUNDER PIZZA & SEAFOOD CO,0,1,1
Jones Poultry,0,1,1
Chieftain Meats,0,1,1
Chieftain Brand Meats,0,1,1
Love Farms LLC - Fed. #45-4924471,0,1,1
Kunzler & Co. Inc.,0,1,1
Jack Link Snack Foods,0,1,1
Progreso Cash & Carry Inc,0,1,1
A J Cattle Premium Meat,0,1,1
King B,0,1,1
J.R.G. Meat Processing Plant,0,1,1
Jamie's Jerky,0,1,1
"Alice's Kitchen, Inc.",0,1,1
"FLS Foods, Inc., dba JYC Foods",0,1,1
"JYC International, Inc.",0,1,1
"FLS Foods, Inc DBA JYC Foods",0,1,1
Capitol meat company,0,1,1
Winding River Meat Company,0,1,1
Mama's Creations,0,1,1
"Summit Snacks    Puyallup, WA",0,1,1
Town & Country Meats,0,1,1
"Volpi Foods, Inc.",0,1,1
Pork Chop John's,0,1,1
Johnson's Smokehouse,0,1,1
Michaels Meats and Seafood,0,1,1
Pat-n-Tams,0,1,1
Tacoma Boys,0,1,1
Jones Farm Meats,0,1,1
Johnsonville Sausage LLC,0,1,1
Jones Farm Market,0,1,1
Ralph & Paul Adams Inc.,0,1,1
Jallow Foods,0,1,1
"Ralph & Paul Adams, Inc.",0,1,1
Appetizerstogo.com,0,1,1
Rockin' G Premium Beef,0,1,1
Jallos,0,1,1
Rinaldi Sausage,0,1,1
Inter-American Products Inc.   Cincinnati OH 45202,0,1,1
JTM Food Group,0,1,1
J.W. Treuth Provisions,0,1,1
Gold Taste,0,1,1
Koch Poultry Co Inc,0,1,1
Empire Packing Company,0,1,1
Fred Meyer,0,1,1
KROGER,0,1,1
Hamk,0,1,1
North West Processing,0,1,1
QFC (quality food company),0,1,1
JCG Foods,0,1,1
JCG,0,1,1
"Koch Foods Co., Inc.",0,1,1
Cristy's Lumpia,0,1,1
Ozark Pride Meats,0,1,1
Bari Food Products,0,1,1
BOCE Meat Products,0,1,1
North Star Seafood of South Florida,0,1,1
Alsleben Brothers Packing (ABP),0,1,1
Lapinet Cured Meats,0,1,1
Amazon Foods,0,1,1
Epicurean's Choice Foods,0,1,1
Heartland Fresh Foods,0,1,1
Alaska Sausage & Seafood,0,1,1
Alaska Meat Packers Inc.,0,1,1
Alaska Meat,0,1,1
North Star Quality Meats,0,1,1
"Zartec, LLC",0,1,1
Cloverdale Farms LLC,0,1,1
Original Philly Cheesesteak Co.,0,1,1
AdvancePierre Foods,0,1,1
Clovervale Farms,0,1,1
La Cocinera,0,1,1
Alnoor Halal Poultry,0,1,1
Silver State Meats,0,1,1
Alki Bakery,0,1,1
Mickeys Brand - Mickeys,0,1,1
Zartic LLC,0,1,1
Alexandra Foods Company,0,1,1
C.A. Curtze - Grand Duchess,0,1,1
Claire's Gourmet,0,1,1
Grand Prairie Foods,0,1,1
Kristi's Gourmet Favorites,0,1,1
National Food Group,0,1,1
Ali Meat Industries,0,1,1
Vollwerth - Copper Harbor,0,1,1
Don's Food Products,0,1,1
Don's Salads,0,1,1
A & G,0,1,1
Alresco Pasta,0,1,1
"Cloverdale Farms, Inc.",0,1,1
Morales,0,1,1
Radney's Quality Meats,0,1,1
Retail Ready Foods Inc.,0,1,1
Freedman Food Service of Denver,0,1,1
Buckhead Meat and Seafood of Chicago,0,1,1
"Buckhead Meat and Seafood of Ohio, Inc.",0,1,1
Buckhead Meat and Seafood of New York,0,1,1
Trinity Seafood,0,1,1
Buckhead Meat of Florida,0,1,1
Buckhead Beef -- Denver,0,1,1
Buckhead Beef - San Antonio,0,1,1
Freedman Food Service,0,1,1
Buckhead Meat Boston,0,1,1
Freedman Food Service - San Antonio,0,1,1
"Freedman Foods, Inc.",0,1,1
Freedman Meats Inc,0,1,1
Milestone Lamb and Veal,0,1,1
Texas Meat Purveyors,0,1,1
Freedman Food Service - Dallas,0,1,1
Buckhead Meat and Seafood of San Antonio,0,1,1
"Agile Cold Storage, LLC",0,1,1
Ajinomoto Frozen Foods,0,1,1
Aaron's Beef,0,1,1
Agriprocessors,0,1,1
Iowa Best Beef,0,1,1
Shor Harbor,0,1,1
Monti Verdi Salumi,0,1,1
Agro Merchants,0,1,1
Freda,0,1,1
GMT LLC,0,1,1
Glen Rock,0,1,1
Kohler,0,1,1
Harvest Select Catfish,0,1,1
Anchorage Processing Center,0,1,1
Three Squares Restaurant,0,1,1
CJ Logistics America,0,1,1
"Cloverdale Farms, LLC",0,1,1
"Zartic, LLC",0,1,1
Alliance Foodservice,0,1,1
Wind's Bakery,0,1,1
American Food Services,0,1,1
NONW,0,1,1
VC Omaha Holdings,0,1,1
Bangor Airport Food Service,0,1,1
Abbyland Foods,0,1,1
Mama Bosso Pizza,0,1,1
ALFREDO AIELLO ITALIAN FOOD MGF. CO.,0,1,1
Meatheads Market,0,1,1
Mama Ada's,0,1,1
Proliant Inc.,0,1,1
"AVA Beef Products, Inc.",0,1,1
Finger Food Emporium,0,1,1
Little Bites,0,1,1
Abbyland,0,1,1
Abuela'sGourmet Kitchen,0,1,1
Philly's Best,0,1,1
AI Kitchen Specialties,0,1,1
A. Esposito Inc.,0,1,1
Aspen Co-Pak,0,1,1
Novelthy Hill Lamb,0,1,1
Snoqulamie Valley Lamb,0,1,1
At Last! Gourmet Foods,0,1,1
Hastings Ranch,0,1,1
"Berliner & Marx, Inc.",0,1,1
Esposito Meats,0,1,1
Wild Buck Ranch,0,1,1
"Aufschnitt Meats, LLC.",0,1,1
Essiccata,0,1,1
Augustine's Pizza,0,1,1
Avatar Natural Foods,0,1,1
James Gerard Foods,0,1,1
US Meats,0,1,1
"Abbyland, Inc.",0,1,1
Papa's Jerky,0,1,1
Old Town Products,0,1,1
European Meat Center,0,1,1
Texas Chili,0,1,1
210 Foods,0,1,1
House of Bricks,0,1,1
Royalton Meats,0,1,1
Smokin Bones Smokehouse,0,1,1
PFG-A.F.I Foodservice,0,1,1
A & A Gourmet,0,1,1
"Deli Brands of America, Saval Foods Corp.",0,1,1
Kamal Imports,0,1,1
Greenland Foods Co.,0,1,1
Our Hand Crafted,0,1,1
Talk of the Town Catering,0,1,1
A & R Packing LLC,0,1,1
Liovalle LLC,0,1,1
T.C. Foods,0,1,1
Long Phung Food Products,0,1,1
PaPa's Jerky,0,1,1
Allied Specialty Foods,0,1,1
"Passaic Meat I, Inc.",0,1,1
Ord Locker,0,1,1
Acme Distribution Centers and Howard Logistics,0,1,1
Classic Foods,0,1,1
Adams Farm,0,1,1
Advance Brands LLC,0,1,1
Allied Steaks,0,1,1
100% Artisan Foods,0,1,1
Cloverdale Farms Inc.,0,1,1
Rizal Brand,0,1,1
Sharon Beef,0,1,1
Millside Brand,0,1,1
Weaver's Famous Brand,0,1,1
US 212 Beef,0,1,1
Incredible Fish,0,1,1
El Encanto,0,1,1
GoodHeart Brand Specialty Foods,0,1,1
Buitoni,0,1,1
Bavaria Sausage,0,1,1
"Bonollo's Provisions, Bonollo's Food Service",0,1,1
Beaver Street Foods,0,1,1
Custom Foods,0,1,1
Montana Beef,0,1,1
Chasing Our Tails,0,1,1
The American Made Treat Company,0,1,1
Bellisio Foods Inc.,0,1,1
Benner's Beef Farm,0,1,1
J.W. Foods,0,1,1
RTE Meat Packing Plant,0,1,1
Berkshire Refrigerated Warehouse,0,1,1
Bernatello's Pizza,0,1,1
"Five Star Frozen Foods, Inc.",0,1,1
Orv's Pizza,0,1,1
Mayes County Processing,0,1,1
Fairway Packing Co.,0,1,1
Bensbestcharcuterie,0,1,1
Carroll's Farm,0,1,1
R. W. Zant - Delizous Farms,0,1,1
R. W. Zant Co.,0,1,1
Burts Hilltop Poultry,0,1,1
Butcher Block,0,1,1
D&C Lindley,0,1,1
Carolina Turkeys,0,1,1
BUZZ FOOD SERVICE,0,1,1
Rawhide Meats,0,1,1
"JAP Manufacturing, Inc.",0,1,1
"Lund Food Holdings, Inc.",0,1,1
Byron Center Meats,0,1,1
Arco Brand Sausage,0,1,1
Lecoq Cuisine,0,1,1
Bridgford Marketing Company,0,1,1
"Bud's Pizza Company, Inc.",0,1,1
"Bud's Pizza, Inc.",0,1,1
Fox River,0,1,1
Sigma Processed Meats,0,1,1
Affinity Foods,0,1,1
Boxford Bakehouse,0,1,1
Hammons Meats,0,1,1
"Bakkavor Foods USA, Inc.",0,1,1
Two Chefs on a Roll,0,1,1
Johnsonville,0,1,1
"SUA Quality Products, LLC",0,1,1
"Dolu, LLC",0,1,1
Bar-W Foods,0,1,1
Hazekamp Meats,0,1,1
Hazekamp Wholesale Meats,0,1,1
Adams Chapman,0,1,1
Blaylock Meat,0,1,1
Eastern Food Service,0,1,1
"Manti Online, LLC",0,1,1
Bar-W Meat Company,0,1,1
Mattson Mktg,0,1,1
"DBA - Flavoreat Foods, Flavoreat Foods",0,1,1
Certified Dutch Veal,0,1,1
Dutch Premium Veal,0,1,1
Ranch Brand,0,1,1
Country Grillers,0,1,1
Miller Ray and Sons,0,1,1
Golden Medallion Foods,0,1,1
BRK Meats LLC,0,1,1
"Berkman Limousine, LLC",0,1,1
HOG D LICIOUS LLC,0,1,1
Badger Ham,0,1,1
La Sierra,0,1,1
La Sierra Bakery,0,1,1
La Sierra Coffee,0,1,1
Sierra Coffee,0,1,1
Commodity Sales,0,1,1
Shurfine,0,1,1
Mother's Maid,0,1,1
"Eaves Foods, Inc.",0,1,1
Kessler's,0,1,1
Todoric,0,1,1
Harb's Farm Halal Meat Packing,0,1,1
Brothers Quality Halal Meat,0,1,1
Walter's Best,0,1,1
Mr. Eats,0,1,1
PYA/Monarch Inc. Brand,0,1,1
Dutch Master Meats,0,1,1
"Buckhead Meat of Atlanta, Inc",0,1,1
Buckhead Meat,0,1,1
Buckhead Meat of Houston,0,1,1
Sweet Sue Kitchens,0,1,1
Burgers' Country Hams,0,1,1
Cracker Barrel By Mail,0,1,1
Freedman Foods,0,1,1
"Brother and Sister Food Services, Inc.",0,1,1
TORO FOODS,0,1,1
Mohawk Valley Meats,0,1,1
Dreamland BarBQue,0,1,1
Snow's,0,1,1
"Buckhead Meat of New England, Inc.",0,1,1
Freeman Foodservice,0,1,1
Bridor,0,1,1
Dutch Master,0,1,1
Brighton River,0,1,1
AccCanning,0,1,1
B F COMPANY INC.,0,1,1
"BFC, Inc",0,1,1
Brimhall Foods Co Inc,0,1,1
Lindee,0,1,1
"Nations Best Deli Company, Inc.",0,1,1
Rosner,0,1,1
Clifty Farm Country Meats,0,1,1
Butcher's Prime,0,1,1
Food Club,0,1,1
C & L Foods Inc.,0,1,1
Pika's Farm Table,0,1,1
Warrington Farm Meats,0,1,1
Sonoma County Poultry,0,1,1
Manna Foods,0,1,1
Botto's Sausage,0,1,1
Dora Dee Products Inc,0,1,1
Burgundy Processing,0,1,1
SSI Food Services LLC,0,1,1
Innovative Products Co.,0,1,1
"Pronto Food Kitchens, Inc.",0,1,1
"The Burke Co, Inc.",0,1,1
BMP LLC,0,1,1
A L Carte Gourmet Classics,0,1,1
Burnett & Son,0,1,1
Chefco Foods,0,1,1
Jangchung Pyungando Jokbal,0,1,1
"CBC, Inc.",0,1,1
Clifty Farm Country Hams,0,1,1
"Carl Buddig and Company, Inc.",0,1,1
Rupari Foods,0,1,1
Country Fresh,0,1,1
Texas Harvest,0,1,1
Hobe's Country Hams,0,1,1
"Burger's Ozark Country Cured Hams, Inc",0,1,1
Clifty Farms Country Meats LLC,0,1,1
Power Premium Meals,0,1,1
Carando Gourmet Frozen Foods,0,1,1
Cracker Barrel by Mail,0,1,1
CAROLINA CLASSIC CATFISH,0,1,1
CLL Sausage Kitchen,0,1,1
Healthcare Premium Meals,0,1,1
Lifestyle Premium Meals,0,1,1
Cloverdale Foods,0,1,1
Cougar Canyon Ranch,0,1,1
Nature's Craft,0,1,1
IDF,0,1,1
Krizman's Sausage,0,1,1
Colorado Mountain Game,0,1,1
"House of Raeford Farms, Inc., Columbia Division",0,1,1
Raeford Farms of Louisiana,0,1,1
"House of Raeford Farms, Inc",0,1,1
King David Tacos,0,1,1
Hudson Meats,0,1,1
Hudson Sausage Co.,0,1,1
Smokey Ridge,0,1,1
Raven and Boar,0,1,1
Hillbilly Pride,0,1,1
Freezer Queen Foods,0,1,1
Villa Roma Sausage,0,1,1
Bushwacker Meats,0,1,1
"Paxton Grocery & Meats, L.L.C.",0,1,1
Mitchell's Sausage Rolls,0,1,1
"On Foo Co., Inc.",0,1,1
Geo A. Hormel & Co.,0,1,1
Shelton Corrals,0,1,1
Middle Village Meats,0,1,1
Good To-Go,0,1,1
Dan'l Boone Inn Country Ham,0,1,1
J&BB Group,0,1,1
Papillion Foods,0,1,1
Homestead Inc,0,1,1
T & E Meats,0,1,1
Di Lusso Deli Company.,0,1,1
True & Essential Meats,0,1,1
DiLusso Deli Company,0,1,1
Geo A Hormel & Company,0,1,1
DiLusso Deli Co.,0,1,1
George A. Hormel & Co.,0,1,1
Burke Marketing Corp. Est. 6829-A,0,1,1
Henry J EASY PAK Meats,0,1,1
Henry J Hashtime U.S.A.,0,1,1
Henry J's Famous Foods,0,1,1
Ingles,0,1,1
Prime Time Foods,0,1,1
Carniceros Chorizo,0,1,1
Hudson Valley Craft Sausage,0,1,1
"Plaut & Stern, Inc.",0,1,1
National Beef Packing Co. LLC,0,1,1
Hardin Family Farm,0,1,1
Kids' Favorites,0,1,1
Agostino Gourmet,0,1,1
Mountain Valley Farms,0,1,1
Mulberry Farms,0,1,1
Pico Amarillo,0,1,1
Select Servings,0,1,1
Special Value,0,1,1
Sugar Hill Farms,0,1,1
Passanante Brothers,0,1,1
Warehouse/Hodges Companies,0,1,1
Ganaderia Santiago,0,1,1
Hickory Baked Foods,0,1,1
Manhattan Meats,0,1,1
Hertzog Meat Co.,0,1,1
Hi-Country Beef Jerky,0,1,1
Montana Pet Foods,0,1,1
Yellowstone Natural,0,1,1
Hickmans Family Farms,0,1,1
Agostino Foods,0,1,1
Hoagland Meat,0,1,1
High Valley Farm,0,1,1
One-O-One Meats,0,1,1
Higa Food Service,0,1,1
Highland Meats,0,1,1
"Esvee Meats, LLC",0,1,1
"Pure & Simple Foods, LLC",0,1,1
Emir Halal Foods,0,1,1
Elmer Peterson Sausage,0,1,1
Fish Breeders of Idaho,0,1,1
Garden Highway,0,1,1
Gayton Foods,0,1,1
Mac's Snacks,0,1,1
Aqua Gulf Xpress,0,1,1
Ezzo Italian Meats,0,1,1
F&M Sausage,0,1,1
Frank's Meat Market,0,1,1
MANA ESFIHA,0,1,1
Evans Food Products,0,1,1
Heikens Family Foods,0,1,1
Don Pedro's Kitchen,0,1,1
Signature,0,1,1
Mayte,0,1,1
Fontanini Italian Meats and Sausage,0,1,1
"Fontanini Italian Meats and Sausages, Inc.",0,1,1
Food Solution International,0,1,1
Sam's,0,1,1
FITCO,0,1,1
Citterio USA Corp.,0,1,1
Family Tradition Meats,0,1,1
Ft. McCoy Ranch,0,1,1
Adena Meats,0,1,1
Opa's Smoked Meats,0,1,1
SuperMax,0,1,1
Citterio USA Corporation,0,1,1
Atalanta,0,1,1
Pueblo,0,1,1
Burger King,0,1,1
Congusto,0,1,1
Cotsco,0,1,1
Econo,0,1,1
El Serranito,0,1,1
Great value,0,1,1
Chank's Food,0,1,1
IDF (International Dehydrated Foods),0,1,1
Big Bend Trout,0,1,1
Feast Food Works,0,1,1
Sage Valley Ranch,0,1,1
Redwood Farms Meat Processors,0,1,1
Farmhouse Meat Co.,0,1,1
Alien Beef Jerky,0,1,1
Keith's Farm,0,1,1
Esro Food Group LLC,0,1,1
TBJ Gourmet,0,1,1
A&A Meats,0,1,1
2F Akaushi Beef,0,1,1
Fells Point Wholesale Meats,0,1,1
5411 Empanadas,0,1,1
Fine Foods South East,0,1,1
Finger Foods Products LLC,0,1,1
Eat This Yum,0,1,1
Cardenas Bakery,0,1,1
Gembos,0,1,1
Chef In A Box,0,1,1
Sunland Poultry Company,0,1,1
Kama'aina Food Company,0,1,1
Sullivan Family Kitchen,0,1,1
Sam's Meat Company Inc.,0,1,1
Griffith Foods,0,1,1
Fernando's,0,1,1
Raandom Corp,0,1,1
"Sunland Poultry, Co.",0,1,1
Lulu,0,1,1
Valchris,0,1,1
Coastal Range Organics,0,1,1
Fourth Street Foods,0,1,1
Frango Mineiro,0,1,1
"Frank Wardynski & Son, Inc.",0,1,1
Wardynski Meats,0,1,1
Goetz Western Meats,0,1,1
International Meat & Poultry,0,1,1
Senoir Houser's,0,1,1
European Meat Products,0,1,1
Harvest Food Products Co,0,1,1
Pafco DBA Oceankist,0,1,1
Vincent Piazza,0,1,1
Harrington's,0,1,1
Harrington's Maplewood Hams of Vermont,0,1,1
Harrington's of Vermont,0,1,1
Bourbon Barrel Beef LLC,0,1,1
Barrow Farms,0,1,1
Fieldgate Cheese,0,1,1
Scott's Jamaican Bakery,0,1,1
HCS,0,1,1
Hartman Meat Co.,0,1,1
JC Lockers,0,1,1
King's Beef & Salami Co.,0,1,1
Johnson City Locker Plant,0,1,1
Gurman Naturals,0,1,1
Valley Food Produce  (Molida de Res de Puerto Rico),0,1,1
Martin's BBQ  (Cuajo  Pork Stomach Stew),0,1,1
Great North Pizza Co.,0,1,1
"Montgomery, IN Canning Project",0,1,1
Pastel Gourmet,0,1,1
Gourmet Kitchen Inc.,0,1,1
Park Avenue,0,1,1
Sally Sherman Salads,0,1,1
Tradewind Foods,0,1,1
Boston Bakery,0,1,1
Select Foods,0,1,1
Boston Foods,0,1,1
Grabill Country Meats,0,1,1
U.S. Wellness Meats,0,1,1
Graziano Sausage,0,1,1
DC China Meat Products,0,1,1
New Great American Veal,0,1,1
Los Cantaros Mexican Food,0,1,1
Hausman Foods,0,1,1
Beef Jerky Factory,0,1,1
Gastronome Packaging,0,1,1
J.H. Routh Packing Company,0,1,1
Broken Heart Butchery,0,1,1
"ROY L. HOFFMAN & SONS, INC.",0,1,1
American Foods,0,1,1
Hellman Worldwide Logistics,0,1,1
A.G.Y. Corporation,0,1,1
Hudson Valley Foie Gras & Duck Products,0,1,1
Acme Steak and Seafood,0,1,1
Hahn's of Westminster,0,1,1
Rahmat Meat,0,1,1
Diamond Star Premium Meat Company,0,1,1
Double D Ranch,0,1,1
Homestead Beef,0,1,1
"Saint George Market, Inc.",0,1,1
Parkway Manufacturing,0,1,1
Harmony Farms,0,1,1
Hawaii Big Island Beef,0,1,1
Crabhouse DBA Triplepearl,0,1,1
Healthy Kids Inc.,0,1,1
Coastal Sunbelt Produce,0,1,1
Food Unlimted,0,1,1
Hearn Kirkwood,0,1,1
Peacock Foods DBA Greencore USA,0,1,1
Empire Treasures,0,1,1
Harbor Sausage,0,1,1
"HEB Grocery Company, L.P.",0,1,1
Ole Timey Meat Shop,0,1,1
Hog Heaven Sausage Works,0,1,1
L'Artigiano Salami Co.,0,1,1
Little Naturals,0,1,1
150 Quick Stop,0,1,1
Jake's Fresh Country Sausage,0,1,1
"Middlefield, OH Canning Project",0,1,1
"Kidron, OH Canning Project",0,1,1
"Freeport, IL Canning Project",0,1,1
Iltalco Foods,0,1,1
Naturpak Pet,0,1,1
HIGH LINER FOODS USA INC.,0,1,1
Hudson River Foods,0,1,1
Hudson River Foods Corporation,0,1,1
Ian's Natural Foods,0,1,1
Chicago Ave. Pizza,0,1,1
Butcher's Brewhuis,0,1,1
Michael Foods Egg Product Co.,0,1,1
Falls Brand,0,1,1
Salmon Creek Farms,0,1,1
"Itoham Foods, Inc.",0,1,1
Itoham Foods Inc.,0,1,1
American Butcher,0,1,1
American Butcher Company,0,1,1
Nick's Famous Bar-B-Q,0,1,1
Husker Meats - LLC Est. M47014,0,1,1
"Lucy's Enterprises, Inc",0,1,1
Singletree Farm,0,1,1
"Hawaii Food Products, Inc.",0,1,1
It's All About You Catering,0,1,1
Simple Bites,0,1,1
Northwest Iowa Pork,0,1,1
Bar X Brand Beef Jerky,0,1,1
Evergreen Poultry,0,1,1
Singletree Farms,0,1,1
"Huse's Country Meats, Inc.",0,1,1
J&B Group,0,1,1
"J&B Group, Inc.",0,1,1
Food City,0,1,1
Family Favorites,0,1,1
Down Home Foods,0,1,1
Cedar Creek,0,1,1
Inland Foods,0,1,1
"Food Sample Express, LLC",0,1,1
"Berne, IN Canning Project",0,1,1
Salvatex Foods,0,1,1
Weiss Brand,0,1,1
Alexian,0,1,1
Groezinger,0,1,1
Artisan Meats,0,1,1
Hartmann's Old World Sausage,0,1,1
Josef's Artisan Meats,0,1,1
Bonanza (seasoned beef pattie),0,1,1
Sunseri,0,1,1
Danish Farms brand   (smoked pork shoulder picnic / water added),0,1,1
Sunset Creek,0,1,1
Sysco,0,1,1
Industrial Interprises,0,1,1
Kashawa,0,1,1
"Berlin, OH Canning Project",0,1,1
Tambellini,0,1,1
Rib Joint,0,1,1
BCK Foods,0,1,1
Green Mountain Smokehouse,0,1,1
Twin Oaks,0,1,1
Watauga County Country Ham,0,1,1
Pacific Mountain Farms,0,1,1
A Pure Mediterranean Foods Company,0,1,1
Arturo's of Chicago,0,1,1
Mayhew Meats,0,1,1
Gachot & Gachot,0,1,1
Smoking Oak,0,1,1
Green Tree Packing,0,1,1
Tailfin Fresh Fish,0,1,1
Grubbersputz,0,1,1
Albert's,0,1,1
Lamperts,0,1,1
McGinnis Sisters,0,1,1
Family Foods,0,1,1
Frosty Morn Meats,0,1,1
Deli Craft,0,1,1
"Norman G. Jensen, Inc.",0,1,1
Herris Gourmet,0,1,1
Sugar River Meats,0,1,1
L & L Provision Company,0,1,1
Quintessence Foods,0,1,1
Butcher Boys,0,1,1
Meridian Food Market,0,1,1
Gusto Products,0,1,1
Kim Loan,0,1,1
Thi Loan,0,1,1
Keoki's Laulau,0,1,1
Bishop's Bar-B-Que,0,1,1
"L & B FOODS, INC.",0,1,1
Jack Links Snack Foods,0,1,1
BABY BEEF USA,0,1,1
Mexico Foods TM,0,1,1
La Guadalupana Foods LLC.,0,1,1
D.B.A./EL Tigre Meat  & Provisions,0,1,1
Leader Meats Slaughterhouse LLC,0,1,1
Latina Food Service,0,1,1
Ladyfingers Gourmet To Go,0,1,1
Lancaster Meats,0,1,1
Pork Packers,0,1,1
Lapids Korner,0,1,1
Vosges Haut-Chocolat,0,1,1
Maspanadas,0,1,1
Hyde and Hyde,0,1,1
LeMars Public Storage,0,1,1
DBAs HYDE AND HYDE,0,1,1
Paisano Sausage Co,0,1,1
DBA Lawlers Barbeque,0,1,1
Lawlers Barbeque,0,1,1
Laxson Co,0,1,1
Lazy Acre Meats,0,1,1
"Latin American Meats and Foods USA, Corp.",0,1,1
LINK 41,0,1,1
Main Streets Meats,0,1,1
Sausage of the 7 People of Michoacan,0,1,1
Lone Star Foodservice Ltd.,0,1,1
"Lone Star Foodservice., Inc.",0,1,1
Taste of Spain INC.,0,1,1
Lorentz,0,1,1
Indian Valley Farms,0,1,1
Chorizo Los 7 Michoacanos,0,1,1
DeeDee's Poultry,0,1,1
Milanos New York City,0,1,1
Preferred Poultry,0,1,1
Sauschick,0,1,1
Productos de la Abuela,0,1,1
Los Vinaleros,0,1,1
Loteria Grill,0,1,1
5 Meals,0,1,1
Tommy's Farm,0,1,1
London Meat Co.,0,1,1
B&D Foods,0,1,1
Legacy Pasture Raised Organic Halal Meat Farms,0,1,1
Carnivore Meat Company,0,1,1
Pilgrim Meat Company,0,1,1
Las Milpa,0,1,1
Jim Group,0,1,1
"Jim Group, Inc.",0,1,1
D&L Poultry Enterprise,0,1,1
King's Quality Meats Processing,0,1,1
Jansal Valley,0,1,1
Bethlehem Sausage Werke,0,1,1
"Lord's Sausage & Country Ham, Inc.",0,1,1
Locust Grove Smokehouse,0,1,1
LOGAN SAUSAGE COMPANY,0,1,1
"Asia Grill Works,INC.",0,1,1
Lombardi Brothers Meats,0,1,1
NY Bone Broth,0,1,1
Bayside Food Distributors,0,1,1
Pat LaFrieda Meats,0,1,1
Sabrett,0,1,1
Mahattan Meats,0,1,1
Mannino's Foods,0,1,1
Over The Hill Farm,0,1,1
The Meat Shop,0,1,1
Mar-Jac Poultry - AL,0,1,1
Mar-Jac Poultry - MS LLC,0,1,1
Master Purveyors,0,1,1
Bravo LLC,0,1,1
Marder Seafood,0,1,1
Maria Empanada,0,1,1
The Fish Guys,0,1,1
Paul's Gourmet Jerky,0,1,1
Paul's Gourmet Jerky & Snack Sticks,0,1,1
Marquez Brothers International Inc,0,1,1
Connecticut Meat LLC,0,1,1
Bogrer Meats,0,1,1
Suckertash LLC,0,1,1
"Lower Foods, Inc.",0,1,1
Deli Craft Artisan's,0,1,1
Diestel Family Farms,0,1,1
Double L Ranch Meats,0,1,1
First Street Deli,0,1,1
High Creek Farms,0,1,1
Lower Family Foods,0,1,1
Lower Minute Meals,0,1,1
Odom Enterprises Inc,0,1,1
Lunds & Byerlys,0,1,1
As-Salaam Poultry,0,1,1
DeBragga,0,1,1
Maplecrest,0,1,1
House of Weenies,0,1,1
Baronis,0,1,1
Kor-Bert/Specialty Foods,0,1,1
Frutilandia No 6,0,1,1
Pat LaFrieda Meat Purveyors,0,1,1
Makana Wild,0,1,1
Crockett Creek Beef Jerky,0,1,1
Monterey Meat Co.,0,1,1
Detroit Processing Plant,0,1,1
City Meat Market,0,1,1
Latin Delights,0,1,1
Patty King,0,1,1
Weiss Kosher Cuisine,0,1,1
Pride of The Pond,0,1,1
LGS,0,1,1
Quality Chef Foods,0,1,1
Number One Meat Ball Company,0,1,1
El Tigre Meat,0,1,1
El Tigre Meat & Provisions,0,1,1
LaFrieda Wholesale,0,1,1
Beef Jerky Outlet,0,1,1
"Polancics Meats, Inc.",0,1,1
Shima's Jerky Chips,0,1,1
Unique Country,0,1,1
Glorious Malone's Fine Sausage,0,1,1
Ends Meat,0,1,1
Murray's Chicken,0,1,1
Murray's Pride,0,1,1
NEMA,0,1,1
Real Halal,0,1,1
Zabeeha,0,1,1
J.A. Processing,0,1,1
MDV/Nash Finch Company,0,1,1
Melone Brothers Bakery,0,1,1
Maplevale Farms Inc. LLC,0,1,1
Miller Meats,0,1,1
Tolman's Meats,0,1,1
MMSA FOODS,0,1,1
Heavenly Kosher,0,1,1
Litchfield Locker,0,1,1
"Family Brands Intl., LLC",0,1,1
LL Provisions,0,1,1
Agora LLC,0,1,1
Gold CreekFoods LLC,0,1,1
Molly's Gourmet Meals,0,1,1
Golden Hog,0,1,1
Flintrock Bison Ranch,0,1,1
Almas Food,0,1,1
Golden Halal,0,1,1
Golden Halal Value Club,0,1,1
Ranch Foods Direct,0,1,1
AFYA Brands International,0,1,1
Mar Pacific Consolidations and Food Services,0,1,1
"Broadleaf Venison (USA), Inc.",0,1,1
"Geier's Choice Meats, Inc.",0,1,1
Gelsinger's Food Products,0,1,1
Gemstone,0,1,1
Prime Pak,0,1,1
Quintero's Meat Co,0,1,1
Weavers,0,1,1
Global Village Cuisine,0,1,1
Tastepoint by IFF,0,1,1
MESE HSIN TUNG YANG FOODS CO. dba New Horizon,0,1,1
Ganaderia Vass (beef),0,1,1
Katahdor (goat and sheep),0,1,1
La Ceba (pork),0,1,1
Millside Barn,0,1,1
L & T Meat,0,1,1
Kutztown,0,1,1
Godo's Bakery & Restaurant,0,1,1
Daniel Weaver Company,0,1,1
Kutztown Bologna Co.,0,1,1
Daniel Weavers,0,1,1
Deen Halal,0,1,1
Godshall's,0,1,1
Gemstone Ventures,0,1,1
RCF,0,1,1
RCF   LLC,0,1,1
Cades Cove BBQ,0,1,1
MJ Resurrection,0,1,1
Fabrique Delices,0,1,1
Kansas City Protien,0,1,1
Supreme Cuisine,0,1,1
Sow Belly BBQ,0,1,1
Cades Cove,0,1,1
Cades Cove Food Brands,0,1,1
Shapiro Packing Co.,0,1,1
Charlie's Meats,0,1,1
FM Beef,0,1,1
Dinner Delight Meats,0,1,1
Elm Hill Meats,0,1,1
"Family Brands Int, LLC",0,1,1
"Family Brands International, LLC",0,1,1
Tip Top Packers,0,1,1
Cades Cove Foods,0,1,1
"General Mills, Inc",0,1,1
Nestle Infant Nutrition,0,1,1
Esh Foods LLC,0,1,1
AYRSHIRE FARM MANAGEMENT,0,1,1
Stadium Market,0,1,1
Middle East Lahmajun,0,1,1
The Original Nottoli & Son,0,1,1
Georgia Cold Storage Plant,0,1,1
Giovanni Veal,0,1,1
Blue Ridge Country Ham,0,1,1
Woburn Meat Company,0,1,1
Givaudan Flavors,0,1,1
Montana Jerky Co.,0,1,1
"G,azed Honey Ham Company",0,1,1
Table Trust Brands,0,1,1
FreeBird Chicken,0,1,1
Platte Valley Food Group,0,1,1
Superior Sausage Company,0,1,1
Superior Meat and Sausage Company,0,1,1
JB,0,1,1
Decatur Cold Storage,0,1,1
Lineage RCS Decatur,0,1,1
Lineage FRS,0,1,1
Frontier Foods Meat Market,0,1,1
JTB Inc.,0,1,1
"Quirch Food LLC, Colorado Box Beef",0,1,1
"Grand Western Brands, Inc.",0,1,1
"Lineage Logistics, Chesapeake",0,1,1
G.A. Food Services,0,1,1
G.A. Foods,0,1,1
GA Foods,0,1,1
SunMeadow Family of Products,0,1,1
GA Jerk,0,1,1
Jianwei,0,1,1
"LINEAGE LOGISTICS PFS, LLC",0,1,1
South Forty,0,1,1
Rocky Mountain Sausage,0,1,1
D & D poultry LLC,0,1,1
Kocher's,0,1,1
Leidy's,0,1,1
"ALL Holding Company, LLC",0,1,1
"Alderfer, LLC",0,1,1
Leon's Texas Cuisine,0,1,1
"Leonetti's Frozen Foods, Inc.",0,1,1
Licini Bros. Provisions,0,1,1
"Millard Refrigerated Services, LLC",0,1,1
Lilly's Fresh Pasta,0,1,1
Chicago Gourmet Steaks,0,1,1
Lincoln International,0,1,1
Rolling Hills Family Farms,0,1,1
Lindsay Foods,0,1,1
Lindsey Foods,0,1,1
Boulder Sausage,0,1,1
DBA Gourmet Foods International,0,1,1
Sambol Packing Company Inc.,0,1,1
Brown Bag Co.,0,1,1
"Ray S.F., INC",0,1,1
Border City U.S.A,0,1,1
Western Way Custom Meats,0,1,1
Fresco Kitchen,0,1,1
Waterhill Organancs,0,1,1
Premier Food Management,0,1,1
Stark Provision Company,0,1,1
Table Trust Brands+,0,1,1
Curry Fresh,0,1,1
G&C Foods,0,1,1
Fresh N Fast,0,1,1
Lockwood Packing Company,0,1,1
Fritz's Smoked Meats,0,1,1
Fritz's Superior Sausage Co Inc.,0,1,1
FreezPak Logistice,0,1,1
Black Salt,0,1,1
CUMBERLAND VALLY MEAT PACKING,0,1,1
Borges Meat,0,1,1
Gabriel's Supermarket,0,1,1
SunMeadow,0,1,1
Enzo's Calzones,0,1,1
Galinas Piroshki,0,1,1
Paramount Piroshki,0,1,1
BOKKE (goat),0,1,1
Borges Pork,0,1,1
Poultry Holdings,0,1,1
Corderissimo (goat and sheep),0,1,1
Cordero (goat and sheep),0,1,1
"Finca Pastoreo (beef, pork, goat)",0,1,1
Ganaderia Almodovar,0,1,1
G.A. Food Service,0,1,1
US Beef Co.,0,1,1
Customcraft Foodservice,0,1,1
Big Ranch Beef,0,1,1
Three Brothers Meat Co.,0,1,1
Jordan's of VA Ham Co,0,1,1
New Royal Meat Co.,0,1,1
"Rudolph Foods Co, Inc.",0,1,1
Ruiz Foods,0,1,1
Crazy Fresh,0,1,1
North Country Produce,0,1,1
Timberwood Farms,0,1,1
Russak's Gold Crown Label,0,1,1
United Dressed Beef,0,1,1
"Locker at the Lakes-Spirt Lake, IA",0,1,1
"The Butchery on Grand-Spencer, IA",0,1,1
Oriental Kitchen,0,1,1
Eric,0,1,1
Joe's Kitchen at Screamin' Ridge Farm,0,1,1
Farmer's Fridge,0,1,1
Juanito Burritos,0,1,1
Carolina Country Snacks,0,1,1
Our Delicious Brand,0,1,1
Solomon's Glatt Kosher Meat,0,1,1
Royal,0,1,1
Lundy Packing Company,0,1,1
Lykes Meats Group,0,1,1
North Side Foods,0,1,1
Heinz,0,1,1
Sea Bend Meat Co.,0,1,1
Wersonick LLC,0,1,1
Royal Meat Co.,0,1,1
Solomon's Finest Glatt Kosher,0,1,1
Fishel's Glatt L'Mehadrin,0,1,1
Jack's Gourmet,0,1,1
Lakewood's Best,0,1,1
Noah's Ark,0,1,1
Noah's Ark Processors,0,1,1
Noah's Ark Provisions,0,1,1
Roadhouse Pizza Company,0,1,1
Roadrunner Pizza,0,1,1
Roanoke Processing Company,0,1,1
Sandridge Gourmet Salads,0,1,1
Samples Institutional Foods,0,1,1
Mrs Pasta,0,1,1
Schiff's Marketplace,0,1,1
"Wayne-Sanderson Farms, LLC",0,1,1
Lifestyle Foods,0,1,1
Melch's,0,1,1
Luxefly Basecamp,0,1,1
RoliRoti,0,1,1
Vd Sausage,0,1,1
Andrea Foods Inc.,0,1,1
Main Entree,0,1,1
Schiff's Cash and Carry,0,1,1
Kurt Schmitz Jr. Inc.,0,1,1
Big Bambino's,0,1,1
Granna's,0,1,1
Chip Steaks Co. Inc,0,1,1
Winner's Meats,0,1,1
RCK Foods,0,1,1
El Superior,0,1,1
Old Fashioned Meat Co.,0,1,1
CrossCreek Premiummeats,0,1,1
CrossCreek Wagyu,0,1,1
Savannah Sausage Company,0,1,1
A Casa,0,1,1
A Casa Enterprises,0,1,1
Celentano Food Products Inc.,0,1,1
A Casa Pizza,0,1,1
Roots Poultry,0,1,1
Guthrie Center Breaker Plant,0,1,1
Guthrie Center Dryer Plant,0,1,1
Guthrie Center Egg Farm,0,1,1
Rosie's Vermont Beef Jerky,0,1,1
Lakes Meat Group,0,1,1
Hickory Hills,0,1,1
Charlie Steak House,0,1,1
Hancock's Old Fashioned Count,0,1,1
Shaffer's,0,1,1
Stone Valley Farms,0,1,1
Gold Canyon Meat Co.,0,1,1
"Shaw's Southern Belle Frozen Foods, Inc.",0,1,1
Muscle Egg,0,1,1
Burritos Alinstante,0,1,1
The Sausage Factory,0,1,1
Prince Meats,0,1,1
The Texas Slab Factory,0,1,1
Slovacek Sausage Company,0,1,1
Sunnyland,0,1,1
PSF Holdings,0,1,1
Pine Mountain,0,1,1
PowerPak,0,1,1
Schneider Corporation,0,1,1
Seviroli Foods,0,1,1
Italian Feast,0,1,1
yorem food,0,1,1
Corte Provisions,0,1,1
D&S Meats,0,1,1
DSP,0,1,1
Atlantic Brand,0,1,1
"Service Cold Storage at Port Everglades, LLC",0,1,1
Inn Keeper,0,1,1
Corte & Co.,0,1,1
Corte or Corte,0,1,1
Siegi's Sausage Factory,0,1,1
Stone Gate Foods,0,1,1
Bright Butcher,0,1,1
Smart Cut,0,1,1
Tasty Char Siu,0,1,1
"SendJoeskcbbq,LLC",0,1,1
Pacific Food Distibution LLC,0,1,1
"Smithfield Ham & Products, In",0,1,1
Smithfield International,0,1,1
Smithfield Packaged Meats,0,1,1
Virginia,0,1,1
Artisan Kitchen,0,1,1
Fitted Nutrition,0,1,1
Lean-n-Fit,0,1,1
Nutri Sana,0,1,1
Power Foods by Fitted Nutrition,0,1,1
Productos Don Yummy,0,1,1
Empress Chili,0,1,1
Old Farm,0,1,1
Jones Meat and Food Services,0,1,1
Cumberland Gap,0,1,1
Cumberland Gap Provision,0,1,1
Eastbay packing Co.,0,1,1
"Gwaltney of Smithfield, Ltd.",0,1,1
Hancock's Old Fash. Country H,0,1,1
Old Almanance,0,1,1
Old Smokehouse,0,1,1
"Smithfield Packing Co., Inc",0,1,1
814America,0,1,1
"Smithfield, Inc",0,1,1
"Stadler's Country Ham, Inc.",0,1,1
"V, W. Joyner",0,1,1
Slovacek's,0,1,1
"Vallydale Foods, Inc.",0,1,1
Williamsburg,0,1,1
Krey Packing co.,0,1,1
Olde Kentucky,0,1,1
"Partridge meats, Inc.",0,1,1
Pruden Packing Co,0,1,1
Smithfield Farmland Corp,0,1,1
Cook’s Ham,0,1,1
Curly’s,0,1,1
"Petyon Packing Co., Inc.",0,1,1
Schneider's Premium Seafood,0,1,1
Bilinski Sausage Manufacturing Company,0,1,1
Alle Processing Corporation,0,1,1
Carbless Inc.,0,1,1
Kennedy Sausage Company,0,1,1
Floyd's Smoked Sausage,0,1,1
Wigleys,0,1,1
Grillers Finest,0,1,1
Shirpa Foods,0,1,1
"Pretzels, Inc.",0,1,1
Texas Twist Inc.,0,1,1
Pie Society,0,1,1
Block and Cleaver Artisan Meats,0,1,1
Circle L Cattle Co.,0,1,1
Butcher's Gourmet LLC.,0,1,1
LNK Holdings,0,1,1
Permac Enterprises,0,1,1
Crown Pacific foods,0,1,1
Butcher's Choice of Nevada,0,1,1
Farm to Market Foods,0,1,1
Texas Best Meats,0,1,1
Texas Asian Food MFG CO,0,1,1
Mama Mancinis,0,1,1
SK Foods Inc.,0,1,1
Smoky Farms,0,1,1
Swaggerty Sausage,0,1,1
Christofersen Meats Co.,0,1,1
"Christofersen Meats, Inc.",0,1,1
Colonel Lee's Enterprises,0,1,1
Mamas Creations,0,1,1
Hafiz Foods Inc,0,1,1
Chef David's Gourmet,0,1,1
Gourmet Selectian,0,1,1
Texans Choice,0,1,1
Tri City Meats,0,1,1
Western Boxed Meats,0,1,1
Yummy Foods,0,1,1
America's Choice,0,1,1
Taylor Fresh Foods,0,1,1
Talluto's,0,1,1
Valleydale Inc.,0,1,1
Sunnyvalley Smoked Meats,0,1,1
Southeastern Mills,0,1,1
Sukhis Gourmet Indian Foods,0,1,1
J. Gumbo's,0,1,1
Selective Petfood Services Inc.,0,1,1
Sweet Applewood Farms Inc.,0,1,1
814 Americas,0,1,1
Hoople Country Kitchen,0,1,1
"Armour-Eckrich Meats, LLC",0,1,1
Hawaii Jerky Shop,0,1,1
Portillos artisan Jerky,0,1,1
The Pass Curated Kitchen,0,1,1
Delicious Dumplings,0,1,1
Sorbello Refrigerated Services LLC,0,1,1
Real Foods LLC,0,1,1
"Unwrapping Flavors, LLC",0,1,1
Hayes Inspection,0,1,1
J.H. Dodman Company,0,1,1
TC Trading Company INC,0,1,1
Southeastern Foods,0,1,1
The Cook's Nook,0,1,1
Tankersley Packing,0,1,1
Corfini Meats,0,1,1
Pacific Live,0,1,1
Haen Meats,0,1,1
"Blanket Brands, LLC",0,1,1
La Latina Deliciosa,0,1,1
Table 87,0,1,1
Free Bird West,0,1,1
Hain Pure Protein Corporation,0,1,1
Louisiana Crave-a-Balls,0,1,1
C&B Maddox Turkey Steaks,0,1,1
Food Tech,0,1,1
Destination Products,0,1,1
SK Foods,0,1,1
Coro Foods,0,1,1
Saiga Foods,0,1,1
World Class International Kitchens,0,1,1
World Class Kitchens,0,1,1
Salcherts Meat Market,0,1,1
Main Street Quality Meats,0,1,1
Salt Marsh Foods,0,1,1
Coro by Salumi,0,1,1
Kane Beef,0,1,1
Salumi Chicago,0,1,1
N.B.P. (New Boston Poultry),0,1,1
Stefano’s,0,1,1
"Patrick Cudahy, Inc.",0,1,1
"Cook's Ham, Inc",0,1,1
Georgio's,0,1,1
Sam Kane Beef Processors,0,1,1
Acres & Oak Kitchen,0,1,1
"Swift Beef Company, JBS Riverside Inc.,JBS USA LLC, Wild Fork Foods",0,1,1
"Sanderson Farms, LLC.",0,1,1
"Schubert Smokehouse & Packing Co., Inc.",0,1,1
Scimeca's Famous Italian Sausage,0,1,1
Pease Packing Corporation,0,1,1
"Glenwood Smoked Products, Inc.",0,1,1
Joe's Kitchen,0,1,1
Wayne Farms LLC.,0,1,1
"Sanderson Farms, Inc (Processing Div)",0,1,1
Big John's Beef Jerky,0,1,1
"Sanderson Farms, Inc. Tyler Processing Division",0,1,1
Lanning's Foods,0,1,1
Fanestil Meats,0,1,1
Fanestil Packing Company,0,1,1
Minder Meats Incorporated,0,1,1
BASILIO-BUDA SAUSAGE COMPANY,0,1,1
JBS Greeley Value Added Inc,0,1,1
"JBS USA, LLC.",0,1,1
"SK Foods, Inc.",0,1,1
Sunsof Inc.,0,1,1
John Morrell & Co,0,1,1
The Pierogie Guy,0,1,1
Sunrise Creative Gourmet,0,1,1
Sunrise Foods,0,1,1
Sunrise Mexican Foods,0,1,1
Sunsof Corporation,0,1,1
River City Meats,0,1,1
Shine Food Inc.,0,1,1
Stachowski Brand Charcuterie,0,1,1
Tejas Quality Foods,0,1,1
Viva Mex Quality Foods,0,1,1
"Supreme Frozen Products, Inc",0,1,1
Sustainable Meats,0,1,1
"Swanson Meats, Inc.",0,1,1
Swanson Natural Foods LLC,0,1,1
Tony's Tamales,0,1,1
Swift Food Company,0,1,1
Healthy Habits LLC,0,1,1
JBS Swift & Co,0,1,1
Swiss Meat and Sausage Company,0,1,1
Asian Food Solutions,0,1,1
Comida Vida,0,1,1
Fresh N Ready,0,1,1
Green Dragon,0,1,1
International Food Solutions,0,1,1
Rayfield Meat Center,0,1,1
Sunny Foods,0,1,1
Symba & Snap Gourmet,0,1,1
Symba Brand Solutions,0,1,1
Syracuse Sausage Company,0,1,1
Appert's Foodservice,0,1,1
Buckhead Meats of Minnesota,0,1,1
Chicago Steaks,0,1,1
Chicago Premier Meats,0,1,1
Cincinnati Recipe Inc,0,1,1
Zollinger Group,0,1,1
Williams Country Sausage,0,1,1
Whiting Family Foods,0,1,1
Wilmington Slaughterhouse,0,1,1
Weng Lee Farm,0,1,1
Weng Lee Farm Fresh,0,1,1
Weng Lee Farms,0,1,1
Spuds Bar-B- Que,0,1,1
White Castle Meat Processing Division,0,1,1
Iowa Turkey Growers Group,0,1,1
Westside Wholesale,0,1,1
Premier Cuts,0,1,1
Denver Specialty Foods Inc,0,1,1
Food Solutions Inc.,0,1,1
Giuseppe's Sausage Products,0,1,1
Gram's Foods Inc.,0,1,1
Partin's Country Sausage,0,1,1
Ole South,0,1,1
Kuntry Boy,0,1,1
Whitewater Processing Co.,0,1,1
Garimark Foods,0,1,1
Papa Paruso's Foods,0,1,1
Red Steer Meats,0,1,1
"Great River Food, Rice Field Corp.",0,1,1
Grogan's Farm,0,1,1
Kopp's Turkey Sales INC,0,1,1
Wholestone Prestige,0,1,1
White Castle Meat Processing Plant,0,1,1
Wicks Seafood,0,1,1
Wild Zora Foods,0,1,1
Easternviews Farms LLC,0,1,1
Norv's Meat Products,0,1,1
Washington Sausage Co. Inc.,0,1,1
J C Potters,0,1,1
Western Meat Inc.,0,1,1
Matthew Weston,0,1,1
Westons Meat Cutting,0,1,1
the handmade pie company,0,1,1
Cody Meat Country Store,0,1,1
Hardwood Hills,0,1,1
Jolly Good,0,1,1
Ye Old King's Head,0,1,1
Crispin & Sons,0,1,1
the handmade pie co.,0,1,1
Farm Pac,0,1,1
Four Brothers W.H. Corp,0,1,1
Lahontan Valley Meats,0,1,1
Southern Taste,0,1,1
Riverside Labor Group,0,1,1
S.I. Bukhari/Waqas Muslim Slaughterhouse,0,1,1
"Flint Provision, Inc.",0,1,1
"Zalack's Provision, Inc.",0,1,1
Dutchland Frozen Foods,0,1,1
Hans Mueller,0,1,1
Westside Foods,0,1,1
Woof & Wilder,0,1,1
Westside Meats,0,1,1
Westville Meats,0,1,1
White Castle Meat Procsng Plnt,0,1,1
Doggy Delirious,0,1,1
Pawtriotic,0,1,1
Whiskers & Rye,0,1,1
Seabolt's Smokehouse,0,1,1
Winstons,0,1,1
Whiskey Creek Processing,0,1,1
Fig,0,1,1
Jerky Hut,0,1,1
White Castle Meat Procsng Div,0,1,1
Wing Lee Farm,0,1,1
Winkler Foods,0,1,1
Trig's,0,1,1
Milo Locker Meats,0,1,1
Triad Meat Custom Processing,0,1,1
Terry's Pork Rinds,0,1,1
Food City Pork Rinds,0,1,1
Food Lion Pork Rinds,0,1,1
Harvey's Pork Rinds,0,1,1
Jr. Johnson Pork Skins,0,1,1
Larry's Pork Rinds,0,1,1
River Rock Pork Rinds,0,1,1
BEHER USA,0,1,1
Bar W Beef,0,1,1
Caribbean Deport,0,1,1
Towson Meats,0,1,1
Athens Grilll,0,1,1
Prairie Fresh Prime,0,1,1
Larry's Custom Meats,0,1,1
AAA Meat Sales,0,1,1
The Perfect Pita,0,1,1
Pane Bella Pizzeria,0,1,1
Daily Chef,0,1,1
Chief Packing Brand,0,1,1
Beefy Boys Jerky Co.,0,1,1
Perfect 10 Foods,0,1,1
Mama's Makings LLC,0,1,1
Mila,0,1,1
"Turner Hams, Inc.",0,1,1
Atillas Perfect Breads,0,1,1
"Golden Island Jerky Company, Inc.",0,1,1
Al-Waahid,0,1,1
Golden Island Jerky Company,0,1,1
Aidell's Sausage Co.,0,1,1
"Gallo Salame, Inc.",0,1,1
"Bryan Foods, Inc",0,1,1
Quality Packing Co,0,1,1
Kreuz Market,0,1,1
67th Street BBQ Premium Meats,0,1,1
GFS,0,1,1
Adirondack Smoked Meats,0,1,1
Trenton Processing Center,0,1,1
Preferred Meal Co.,0,1,1
Caribbean Cold Storage & Logistics,0,1,1
Packers Provision,0,1,1
Star Meat,0,1,1
Dave's Vending,0,1,1
Inpector's office phone number 865-938-9051 ext. 133,0,1,1
Great Lakes Poultry,0,1,1
"Trinity Foods, LLC",0,1,1
Maple Creek Packing,0,1,1
Tri Eagle,0,1,1
Vin Lee Ron,0,1,1
Vin Lee Ron Meat Packing,0,1,1
Vin Lee Ron Meat Packing LLC,0,1,1
"Vin Lee Ron Meat Packing, Inc.",0,1,1
"Garymark Foods, LLC",0,1,1
Vital Foods,0,1,1
Highplains Farms,0,1,1
"ASTY BRANDS, LLC.",0,1,1
Iowa Gold Brand Premium Pork,0,1,1
Natural Praire Fresh Premium Pork,0,1,1
Naturewell,0,1,1
Prairie Fresh Natural,0,1,1
St. Joe Pork,0,1,1
Traditions Meal Solutions,0,1,1
Nu-Pak North,0,1,1
Turn Road Jerky,0,1,1
Nu-Pak South,0,1,1
Tsim Neej Oriental LLC,0,1,1
Two Bakers,0,1,1
Browns Valley Meat Company,0,1,1
Jerky Time,0,1,1
Turkish Depot Meat & Seafood Depot,0,1,1
Zenner's Sausage,0,1,1
Canaan Foods,0,1,1
Inspectors' Office (800) 557-6557 Ext. 4828,0,1,1
Madina Foods,0,1,1
Genuine Jerky,0,1,1
Badr Halal Meat Plant,0,1,1
Wenneman Market,0,1,1
"H.C. Wenzel & Sons, Inc.",0,1,1
Wenzel's Farm Sausage,0,1,1
Werling and Sons,0,1,1
Yoders,0,1,1
Ken's Custom Smoker,0,1,1
Watauga Meats Company,0,1,1
"AB Foods, LLC",0,1,1
Altakwa Poultry,0,1,1
Tokyo Bento,0,1,1
Wing Y Inc.,0,1,1
Slagel Family Meats Inc.,0,1,1
"B.E. Products, Inc",0,1,1
Snow Creek Brand,0,1,1
Weberman Traditional Foods,0,1,1
Weiss Provision Company,0,1,1
Wayne Farms Customer Innovation Center,0,1,1
Royal Pork,0,1,1
Spring Hill Meat Market,0,1,1
W. F. Madison Sausage,0,1,1
King Kold,1,0,1
Twin Cities Pack,0,1,1
Greenfield Custom Meat,0,1,1
Dutch Quality,0,1,1
W Group,0,1,1
Wayne Farms,0,1,1
Agar,0,1,1
Mays Meat Foodservices,0,1,1
Sugargrove Hams,0,1,1
Webb's,0,1,1
Webb's Butcher Block,0,1,1
Ballas Egg Products Corp,0,1,1
RKL Ranch,0,1,1
Wailua Meat Company,0,1,1
Master Meats,0,1,1
Amish Farm Brand,0,1,1
Overbrook Brand,0,1,1
"Simmons Poultry Farms, Inc",0,1,1
Simmons Poultry Farms Inc.,0,1,1
Simply Fresh Market,0,1,1
Niman Ranch Inc.,0,1,1
"Maxi-Magro,",0,1,1
"Niman Ranch, Inc.",0,1,1
"Perdue Premium Meat Company, LLC.",0,1,1
Sierra Pacific Warehouse Group,0,1,1
"Prairie Grove Farms of Iowa, LLC.,",0,1,1
"Niman Ranch, Inc",0,1,1
Sonstegard Foods Company,0,1,1
Fortner Foods Commissary,0,1,1
Alfrey's Sausage Company Inc.,0,1,1
Tuscan Pizza Co.,0,1,1
Braunger Foods,0,1,1
Fiorella's,0,1,1
DI Manufacturing,0,1,1
Taste Traditions,0,1,1
Taste Traditions of Omaha,0,1,1
The Thompson Company,0,1,1
Waldo Pizza,0,1,1
"Duffey Foods, Inc.",0,1,1
Garden Variety,0,1,1
Rico Brand,0,1,1
Jack Stack Barbecue,0,1,1
Kay's Gourmet,0,1,1
Taihe Trading Corp.,0,1,1
WanRong Trading Corp.,0,1,1
Mamaya,0,1,1
Fierro HPP & Distribution,0,1,1
Vienna Beef Chili Company,0,1,1
Vienna Beef,0,1,1
Vienna,0,1,1
Lou Malnati Pizza,0,1,1
Kentucky Bison,0,1,1
Lewis and Clark,0,1,1
Memphis Meat Processing,0,1,1
Vista Grand Ranch,0,1,1
Woodland Farm,0,1,1
"Home Run Inn Pizza,  Gino's East Deep Dish, Gino's East Tavern Style, Mama Cozzi,  Rosati's Pizza.",0,1,1
A Cut Above-Premium Brand,0,1,1
Bluegrass Bison,0,1,1
Jennie-O Turkey Store Sales,0,1,1
Velmar Food Services,0,1,1
Patterson Packing Co.,0,1,1
Lee & Davis,0,1,1
Vina Foods and Bakery,0,1,1
Janik Sausage Company,0,1,1
Buffalo Crossing,0,1,1
B&M Philly Steaks,0,1,1
Bost Distributing Co. Inc.,0,1,1
Royal Gold,0,1,1
Qasri Hills,0,1,1
Pouch Pies,0,1,1
Pouch,0,1,1
Will's Fresh Foods,0,1,1
Woody's Commissary,0,1,1
Wohrle Foods Inc.,0,1,1
Royal Lean,0,1,1
Lindee Brand,0,1,1
Heartland Heritage,0,1,1
"wonder, Remarkable Foods Kitchens LLC",0,1,1
Wonder,0,1,1
Brooklyn Provisions,0,1,1
Golden Crown Food Products,0,1,1
International Food Serviceof New York,0,1,1
Boone Brands,0,1,1
"Fearnow Brothers, Inc.",0,1,1
Red Hot Chicago,0,1,1
Vertical Processing Services,0,1,1
Verde Farms,0,1,1
Charlie Vergos Rendezvous,0,1,1
Dabrowski Meats,0,1,1
ART Mortage Borrower OPCO 2010-5,0,1,1
Versacold Logistics Services US,0,1,1
"Versacold USA, Inc.",0,1,1
Vicolo Pizza,0,1,1
"Jennie-O Foods, Inc.s",0,1,1
Vienna Sausage Manufacturing,0,1,1
Victoria Livestock & Poultry,0,1,1
Victoria's Last Bite Cafe,0,1,1
Bistro Soups and Chili,0,1,1
David Berg,0,1,1
Minaret,0,1,1
D'gusto Foods,0,1,1
Vienna Sausage Manufacturing Co.,0,1,1
Foell Packing Co. of NC,0,1,1
Vitale Poultry,0,1,1
Harold Food Company,0,1,1
"North State Packing Co., Inc.",0,1,1
Virginia Live Fish Co,0,1,1
Southgate Foods,0,1,1
SJ Distributors Inc.,0,1,1
"Vital Foods, LLC, South Carolina",0,1,1
Viva Burrito Company,0,1,1
Vietti Foods,0,1,1
Vocci's Italian Food Products,0,1,1
Malcore Foods,0,1,1
Sendiks Grocery,0,1,1
Wenzel's Farm,0,1,1
Volo Quality Meats,0,1,1
Volunteer Meats LLC,0,1,1
New England Sausage Co.,0,1,1
Harbor Meat and Seafood,0,1,1
Premier Pork Company,0,1,1
Batesville Cold Storage,0,1,1
Fresket Classics,0,1,1
Great American Deli,0,1,1
Mrs. Gerry's,0,1,1
L Grant & Sons INC,0,1,1
L. Grant & Sons LLC,0,1,1
Big Daddy's Meats,0,1,1
Wine Importers and Distributors,0,1,1
Macarena,0,1,1
Palaclos,0,1,1
Quijote Chorizos,0,1,1
Weimar Meat Company,0,1,1
D'Oro Foods Inc.,0,1,1
Farm House,0,1,1
"Crepini, LLC",0,1,1
WOLFSON CASINGS,0,1,1
Food City Premium,0,1,1
Dairy Fresh,0,1,1
D'Amico,0,1,1
Ely Deer Processing,0,1,1
Whole Acre Farms,0,1,1
Lynn Beef Inc.,0,1,1
Farm Fresh,0,1,1
Babette's,0,1,1
Empacadora Don Willie Inc.,0,1,1
Ely Farm Products,0,1,1
Ebels General Store,0,1,1
Archer Farms,0,1,1
Ebro Food Inc.,0,1,1
Country Store Brand,0,1,1
Country Store Brand Meats,0,1,1
El Rey Foods,0,1,1
Morrison Meat Packers,0,1,1
Ream's Meat Market,0,1,1
King Canyon Buffalo,0,1,1
Bailey Slaughter House,0,1,1
Kontry Boys Sausage,0,1,1
Di Bella,0,1,1
DM Foods,0,1,1
Divine Pasta Company,0,1,1
Restaurant Row,0,1,1
Copelli Lamb,0,1,1
Crescent Packing,0,1,1
Crescent Packing Corp.,0,1,1
Crescent Cold Storage,0,1,1
John R Daily Inc.,0,1,1
CPI Cold Storage Warehouse and Distribution Center,0,1,1
Critchfield Meats Wholesale Division,0,1,1
South Shore Meats,0,1,1
Cucina Biello,0,1,1
Krazy Cook's Kitchen,0,1,1
Krazy Cooks Kitchen,0,1,1
Biehl Beef Company,0,1,1
"Seaboard Foods, Inc.",0,1,1
Le Bec Fin Fine Foods,0,1,1
DIPOLLINO'S SOPRESSATA,0,1,1
Talisman Turkey Steaks C&B Maddox,0,1,1
Stokke's Meats,0,1,1
Fetner LLC dba Clark Bros Quality Meats,0,1,1
Meat Addiction,0,1,1
Excel Inc.,0,1,1
Dale Easton,0,1,1
Daesang,0,1,1
Seaboard Foods Inc.,0,1,1
Jongga,0,1,1
"L & K Packing, Inc.",0,1,1
Ofood,0,1,1
QMI,0,1,1
Samha Foods,0,1,1
DSI Logistics,0,1,1
"WAF Distribution, LLC",0,1,1
"Two Rivers Distribution, LLC",0,1,1
Two Rivers,0,1,1
Blood Farms,0,1,1
Prestage Foods,0,1,1
Prestage Foods of Iowa,0,1,1
Wholestone Farms,0,1,1
Mecca Halal Processing Inc.,0,1,1
Caribbean Crescent,0,1,1
Eastern Treats,0,1,1
Satmer Meats Inc,0,1,1
Prestage Farms,0,1,1
Ocean Fresh,0,1,1
Northgate Markets,0,1,1
Dombrovski Craft Meats,0,1,1
Dombrovski Meats,0,1,1
Dombrovski Meats Co.,0,1,1
Ruffino Meats & Food Service,0,1,1
Prestage Farms of Iowa,0,1,1
Eagle Bridge Custom Meat & Smokehouse,0,1,1
Don Novo,0,1,1
United Meat & Deli,0,1,1
EL CHURRY,0,1,1
Bloods,0,1,1
E. L. Blood & Son,0,1,1
E & M,0,1,1
Adelaide Farm Foods,0,1,1
EW Grobbel,0,1,1
chef corner,0,1,1
Pata Negra,0,1,1
double sky,0,1,1
eds wrap & roll,0,1,1
lotus,0,1,1
Senat Poultry LLC,0,1,1
Blood Farm,0,1,1
Imperial Chorizo,0,1,1
Don Miguel,0,1,1
Buffalo Creek Beef,0,1,1
Noble Valley Meat Co.,0,1,1
Grossman'a Kosher,0,1,1
"Emil's Foods, Inc.",0,1,1
Black Burger,0,1,1
Alie,0,1,1
BluCut,0,1,1
Empire Kosher,0,1,1
Galil,0,1,1
Kosher Valley,0,1,1
Dakota Cold Storage-DCS,0,1,1
Ledbetter,0,1,1
Ledbetter Packing Company,0,1,1
Dos Rios,0,1,1
"JFT Distribution, LLC",0,1,1
Jen's Family Table,0,1,1
"NVM Distribution, LLC",0,1,1
Productos Valle Crespo,0,1,1
Eatem Foods Company,0,1,1
Donald's Choice Meats,0,1,1
Vande Rose Farms,0,1,1
Symphony Foods,0,1,1
Dover Processing,0,1,1
Down Home Processing,0,1,1
Shin Chon Market,0,1,1
G G Kosher Food Inc,0,1,1
LaQuercia,0,1,1
DuBon Foods Corp.,0,1,1
Catering Concepts,0,1,1
Dubach Beef Factory & Smokehouse,0,1,1
Finger Lakes Brand,0,1,1
Grimaud Farms,0,1,1
Sunshine Provisions,0,1,1
Weforage,0,1,1
Northgate Farms,0,1,1
Restaurant Row Kitchens,0,1,1
W.B. Stockyard,0,1,1
FloridaMan Jerky,0,1,1
WB Stockyard,0,1,1
Second Harvest of the Big Bend,0,1,1
"Cathead Foods, LLC",0,1,1
"Johnson Foods, LLC",0,1,1
American Halal Meat,0,1,1
American Beef Company,0,1,1
American Cold Storage,0,1,1
American Companies,0,1,1
American Meat Company,0,1,1
Merit-Day Food Service,0,1,1
"Backpacker's Pantry, Inc.",0,1,1
Sausages by Amylu,0,1,1
Colorado Spice,0,1,1
AMC Warehouse,0,1,1
"VC Omaha Holdings, LLC",0,1,1
"Agro Merchant 's Group, Inc.",0,1,1
American Food Group,0,1,1
Astronaut Foods,0,1,1
AmeriQual Foods,0,1,1
Cedar Hollow Foods,0,1,1
"Deep Foods, Inc.",0,1,1
Anderson Beef,0,1,1
Tandoor Chef,0,1,1
Archies Foods,0,1,1
Archway Farm,0,1,1
Archway Meats,0,1,1
ARGO Merchants,0,1,1
Slotkowski,0,1,1
Chorizo Pampero,0,1,1
Don Domingo,0,1,1
Trenton Steak Company,0,1,1
Arnold's  Meats,0,1,1
Art Gourmet,0,1,1
Anderson Custom Meats,0,1,1
Geneva Lakes Cold Storage,0,1,1
Mrw Inc,0,1,1
Stock Yard,0,1,1
The Argentine Farm,0,1,1
Nature's Cut,0,1,1
Sunrise Food,0,1,1
Panna To Go,0,1,1
Sabroso Foods,0,1,1
Sedano's,0,1,1
Silvercut McKinney Beef,0,1,1
Tradiciones Andinas,0,1,1
Moon Foods,0,1,1
White Toque,0,1,1
Wilkfork Foods,0,1,1
Broadbent B&B Products,0,1,1
Broadbent's B&B Foods,0,1,1
Mr. Prime Beef,0,1,1
Corte Argentino,0,1,1
Mr. Meat Master,0,1,1
Menu Art,0,1,1
Us Foods,0,1,1
Natura Foods,0,1,1
Amick Farms,0,1,1
Amylu Foods,0,1,1
Leon's Sausage,0,1,1
Bosco's Pizza Co.,0,1,1
Hillshire Brands Company,0,1,1
Tuscan Market,0,1,1
Cuisinery Food Market,0,1,1
Mambo,0,1,1
Empanajoy,0,1,1
Fritos,0,1,1
La Boulangerie,0,1,1
La Hispanica,0,1,1
La Toca Blanca,0,1,1
Land & Sea,0,1,1
Cencal Foods LLC,0,1,1
Apex Cold Storage,0,1,1
Ansots AOK,0,1,1
L&C Distributors,0,1,1
Aria,0,1,1
Bridger,0,1,1
Karv,0,1,1
Diana's Central Market,0,1,1
Urban Kitchens,0,1,1
Black Bear Enterprises,0,1,1
Parks Sausage,0,1,1
Northwoods Sausage,0,1,1
GC Foods,0,1,1
Grandma's Country Foods,0,1,1
Labatt Food Service,0,1,1
Labatt Food Service LLC,0,1,1
Labatt New Mexico LLC,0,1,1
Pie Piper Products,0,1,1
Pure Nature Meats,0,1,1
Deutschland Meats Inc.,0,1,1
DELI BRANDS OF AMERICA,0,1,1
Miller Street Kitchen & Catering,0,1,1
Cruz Best Foods Food Manufacturing,0,1,1
Crystal Cold,0,1,1
Nutriom,0,1,1
Oak Hill Meats and Processing,0,1,1
Vie De France Culinary Corporation,0,1,1
Miller Street Kitchen,0,1,1
Salt Crafted Meat Co.,0,1,1
CANUS Border Solutions Inc.,0,1,1
"Seaboard Foods, Inc",0,1,1
Allen Brothers New England,0,1,1
Loften County,0,1,1
Delicias Real Fruit II LLC,0,1,1
Waterhill Organics,0,1,1
MasterLink,0,1,1
Prime Halal Farm,0,1,1
AMMEX Services,0,1,1
Ansots,0,1,1
Bodin Foods,0,1,1
Dearborn Brand,0,1,1
"Deering's Jerky Co., LLC.",0,1,1
Mike's Meat Market,0,1,1
Nebraska Steaks,0,1,1
Callaway Packing Inc.,0,1,1
Kevins Natural Food,0,1,1
Bobiyo,0,1,1
Country Best Foods,0,1,1
Andoro & Sons,0,1,1
Kauai Meat Company,0,1,1
Ankeny Processing Services,0,1,1
"Midwest Premier Foods, LLC",0,1,1
Midwest Quality Meats,0,1,1
AOK,0,1,1
"Original Gourmet Creations, Inc.",0,1,1
UTICA PACKING,0,1,1
The Hot Pollo,0,1,1
Dan O's Frozen Pizza,0,1,1
G&S Packaging Solutions,0,1,1
"Dakota Provisions, LLC",0,1,1
Dakota 44,0,1,1
Dakota Deli,0,1,1
Mountain America Jerky,0,1,1
Darn Good Foods,0,1,1
Dan O's Pizza,0,1,1
Brooklyn Kosher,0,1,1
Bavarian Smoke Haus,0,1,1
Table Readi Meats,0,1,1
"Daniele Midco, LLC",0,1,1
Daniele Midco LLC,0,1,1
Kee-Tov,0,1,1
Brooklyn Gourmet Kosher,0,1,1
Domestic Meat Company,0,1,1
Arcadia Meats,0,1,1
Sausage Factory,0,1,1
Mediterranean Brands - Made in the USA,0,1,1
Hartford House,0,1,1
Hungry Man,0,1,1
Pinnacle Foods Grp LLC,0,1,1
Glencoe Pork Co.,0,1,1
ConAgra Foods,0,1,1
Banquet Food Company,0,1,1
Bar B Foods,0,1,1
Blue Ribbon Flavors,0,1,1
"CEI Products, Inc.",0,1,1
Chef Boyardee,0,1,1
ConAgra,0,1,1
"ConAgra Foods, Inc.",0,1,1
"ConAgra, Inc.",0,1,1
"Giacobbino's Cucina Fresca, LLC",0,1,1
MRS Pork,0,1,1
Brooks,0,1,1
Sushi Chef,0,1,1
Prefare Meals,0,1,1
Old Bohemian Meats,0,1,1
"DOS Project, LP",0,1,1
NAFCO Wholesale Fish/Congressional Seafood,0,1,1
NAFCO Wholesale Fish / Congressional Seafood,0,1,1
Anderson Farms,0,1,1
The Block,0,1,1
Fresh Pak Foods,0,1,1
Casa Solana,0,1,1
Homestead Meats,0,1,1
Fall River Meats LLC,0,1,1
Nalley's,0,1,1
ATG Transportaion LLC,0,1,1
Kings Chef Diner,0,1,1
Rocky Mountain Kitchen,0,1,1
Callaway's Packing,0,1,1
Norris Food Services,0,1,1
Clean Chickens,0,1,1
WONDER MEATS CIFELLI,0,1,1
Salonica,0,1,1
Giovanni,0,1,1
"Lincoln Packing, LLC",0,1,1
Marcello Sausage Company,0,1,1
Constance Food Group,0,1,1
Vernon Specialty Meats,0,1,1
Panini Time,0,1,1
Best Gyros Cones - Product of USA,0,1,1
Uncle Mikes Meat Snacks,0,1,1
Chicago's Best Gyros,0,1,1
Corfu,0,1,1
Corfu - Tasty,0,1,1
Corfu Foods,0,1,1
Corfu Halal Gyros,0,1,1
Fatima (Zabiha Halal),0,1,1
Coffaro's Custom Butchering,0,1,1
Uncle Mike's,0,1,1
Cinnamonster,0,1,1
Claymont Meat Co.,0,1,1
Von Hanson's Meats,0,1,1
Bea's Best,0,1,1
Universal Beef Products,0,1,1
Goldilocks,0,1,1
Marble Mountain Meats,0,1,1
"Jim Farm Meat, Inc.",0,1,1
Goodnight Brothers Produce Co. Inc.,0,1,1
"T.S. Country Meats, Inc.",0,1,1
Happy Halal,0,1,1
Colinas Foods,0,1,1
Clem's Custom Cut Cattle,0,1,1
Blue Ribbon,0,1,1
"Dakota Kitchens, Inc.",0,1,1
"Dakota Meats, Inc.",0,1,1
Meat Plus USA.,0,1,1
Bacon Country Smokehouse Brand,0,1,1
Solinsky's,0,1,1
Eastby Packing Co.,0,1,1
"Mohawk Provision, Inc.,",0,1,1
Smithield Foods,0,1,1
"Northside Foods, Inc",0,1,1
Stefano Foods Inc.,0,1,1
Butterball,0,1,1
Cook's Ham Inc.,0,1,1
Farmland Foods Inc.,0,1,1
"The Smithfield Packing Co.,Inc.",0,1,1
Kretschmar Brands Inc.,0,1,1
Mohawk Provision Inc.,0,1,1
Mosey's,0,1,1
Partridge Meats Inc.,0,1,1
Patrick Cudahy LLC,0,1,1
"Peyton Packing Co.,Inc.",0,1,1
John Morrell and Co,0,1,1
"Stefano Fodos, Inc.",0,1,1
KOT Corp.,0,1,1
Casino Grocery,0,1,1
Superior Meats,0,1,1
Carroll Farm and Meat Co.,0,1,1
Summit Hill Foods,0,1,1
La Soberana,0,1,1
Pantry Chef LLC,0,1,1
Western,0,1,1
Casino Grocery and Meat Market,0,1,1
Quick-to-Fix,0,1,1
Rodeo Meats Inc.,0,1,1
Rath Blackhawk Inc.,0,1,1
Racorn Inc.,0,1,1
RMH Foods,0,1,1
Moyer Packing Co,0,1,1
Premuim Standard Farms,0,1,1
Premimum Pet Health,0,1,1
Stanganelli's,0,1,1
Billy Bob's Butcher Shop,0,1,1
Kentucky Legend,0,1,1
La Milagrosa Farm,0,1,1
Macelo Guaynabo,0,1,1
VAAS Agric Corp,0,1,1
GuiDo's Pasta Factory,0,1,1
Holly Poultry Food Service,0,1,1
Fischer's,0,1,1
Mickelberry's,0,1,1
Guaynabo Meat LLC.,0,1,1
Scott Peterson's,0,1,1
Bobak Sausage Company,0,1,1
Brandt Meat Co.,0,1,1
Loeffler's Gourmet & Mercer Meats,0,1,1
Springville Meat Co.,0,1,1
Square One Foods,0,1,1
Guaynabo Premium Meat,0,1,1
Ernesto Juan E HIJOS,0,1,1
Markys Meat Market,0,1,1
Stittworth Meats,0,1,1
Slate Belt Butchery,0,1,1
Steidinger Sausage,0,1,1
Steinbach Provision Company,0,1,1
Byron Center Meats Custom Butchering,0,1,1
Stevens Bros.,0,1,1
Stevens Brothers,0,1,1
Stoney Point Farm Market,0,1,1
Mishler Packing Co.,0,1,1
"Suzy Sirloin, Inc.",0,1,1
Stryve Biltong,0,1,1
Fields,0,1,1
Sturgis Meat LLC,0,1,1
Mishler Meat Packaging,0,1,1
Mishler Meats,0,1,1
Gyros USA,0,1,1
Omega,0,1,1
Gillum Family Farms,0,1,1
Premium - Raw Gyros Strips - IQF,0,1,1
J&G Foods,0,1,1
Larkdale Farms,0,1,1
Ray's Own Brand,0,1,1
Rosaty Packaging,0,1,1
Charlie Pride,0,1,1
DiMaria Cattle,0,1,1
DiMaria Pride,0,1,1
Hearst Ranch,0,1,1
Manning Beef LLC,0,1,1
Manning's Natural Beef,0,1,1
Chaudhry Halal Meats,0,1,1
Chaudhry Zabihah Meats,0,1,1
Paparepa Frozen Foods,0,1,1
Chi Hing Food Service Inc,0,1,1
Cheesewich Factory,0,1,1
"Five Star Custom Foods, LTD",0,1,1
"CSMC, LLC",0,1,1
Excel,0,1,1
MBPXL,0,1,1
"Fiorucci Foods, Inc.",0,1,1
Cangialosi Sausage,0,1,1
Southern Meats,0,1,1
Food Craftory,0,1,1
The Sandwich Factory,0,1,1
Cargill Turkey and Cooked Meats,0,1,1
Cargill Protein Group,0,1,1
Cargill Turkey Products,0,1,1
Willow Brook Foods,0,1,1
Cargill Meat Solutions Corp.,0,1,1
Cargill Turkey & Cooked Meats,0,1,1
Emmpak,0,1,1
Excel Corp.,0,1,1
Cargill,0,1,1
State Processors LLC,0,1,1
Caviness Packing Company,0,1,1
Capital Seaboard,0,1,1
Productos Kikuet,0,1,1
Dixon's/Central,0,1,1
Killingsworth Country Pork Skins,0,1,1
Porkins,0,1,1
Rustler Cattle Company,0,1,1
Centrillium Protein,0,1,1
Kikuet,0,1,1
Kluft Provisions,0,1,1
Dixon Skins,0,1,1
Lonely Lane Farm,0,1,1
Carmela Sausages,0,1,1
Salchichas Carmela,0,1,1
Bohio,0,1,1
La Fe,0,1,1
Productos Titan,0,1,1
Dixon's Pork Skins,0,1,1
Central Snacks,0,1,1
G. Cefalu & Bro.,0,1,1
Charlie DiMaria & Son,0,1,1
Grand Western Orlando,0,1,1
Smoky Valley,0,1,1
Chicago Meat House,0,1,1
Southside Meat Company,0,1,1
Tastee Choice,0,1,1
Honest Fresh Meat Butcher Shop,0,1,1
ADD Enterprises Inc.,0,1,1
Oregon Canard Farms,0,1,1
Scorpion Meat Processing,0,1,1
The Meat Up,0,1,1
Palo Duro Meat Processing,0,1,1
AFF Inc.,0,1,1
America's Fresh Foods Inc.,0,1,1
Premium Cuts,0,1,1
Camino Real Kitchens,0,1,1
Cameron's Marker,0,1,1
Eddie's Sausage Company,0,1,1
Dutch Mill,0,1,1
Cook's Foods,0,1,1
Lee's Foods,0,1,1
Apple Creek,0,1,1
Apple Knoll,0,1,1
Cooper Farms Cooked Meats,0,1,1
Cooper Turkey Place,0,1,1
Grandma Cooper's Choice,0,1,1
Continental Sausage,0,1,1
Mr. Wishbones,0,1,1
Gold Medal Packing,0,1,1
River Dale Farms,0,1,1
Spring Meadow Farms,0,1,1
Virgil's,0,1,1
TJ's Snack Foods,0,1,1
Stone Bank Foods,0,1,1
CHARCUTNUVO,0,1,1
Cappuccino's,0,1,1
Hwy 10 Meat Processing,0,1,1
Tasty,0,1,1
Hamilton Meats and Provisions,0,1,1
Zabiha Halal,0,1,1
Corky's Bar-B-Q Inc.,0,1,1
"El Terrifico, LLC",0,1,1
Primo Rib Co.,0,1,1
Cougle Foods,0,1,1
Heartland Classic,0,1,1
Cold Crafted,0,1,1
Jack Links Protein Snacks,0,1,1
Langdon Locker LLC,0,1,1
A-1 Gyros,0,1,1
Cordobes Foods,0,1,1
Windy City Smoked Meats,0,1,1
Calhoun's,0,1,1
Cherokee Grill,0,1,1
Pleasant Prairie Pork,0,1,1
Pinsa Italia,0,1,1
Pigeon Caterers Inc.,0,1,1
Sky Caterers,0,1,1
G&P Meat's,0,1,1
Case Farms,0,1,1
Case Farms of North Carolina,0,1,1
Fittrax,0,1,1
SousChef,0,1,1
Carlson Meat Processing,0,1,1
Catelli Brothers Family of Foods,0,1,1
Cargill Regional Beef,0,1,1
XL,0,1,1
Valley Institutional Foods Co. (VIFCO),0,1,1
CARGILL VALUE ADDED MEATS,0,1,1
Pleasant Prairie Packing,0,1,1
Cargill Inc.,0,1,1
Mac's Farm,0,1,1
Chesapeake's,0,1,1
Uncle Bob's Meats,0,1,1
Copper Cellar,0,1,1
Corner 16,0,1,1
Smoky Mountain Brewery,0,1,1
True Natural Foods,0,1,1
Edibowls,0,1,1
Chef Brands,0,1,1
Excel Case Ready,0,1,1
Carlie C McLamb Meats,0,1,1
Vantage Foods,0,1,1
Cargill Value Added Meat,0,1,1
Quality Ethnic Foods Inc,0,1,1
Filler,0,1,1
"Boardwalk Sausage, Inc",0,1,1
"Streits's Best, Inc.",0,1,1
King Kalibur LLC,1,0,1
JBS Prepared Foods-Tupelo Facility,1,0,1
"King Kold, Inc.",1,0,1
"Temptee Brand Steak, Inc.",1,0,1
Tennessee Grass Fed LLC,1,0,1
Taylor Farms New England Inc.,1,0,1
Tennessee Brown Bag L.L.C.,1,0,1
"Tennesse Valley Packing Co., Inc.",1,0,1
"Tennery Propane, Inc. D/B/A Hardtimes Real Beef Jerky",1,0,1
Tempura Foods & Spices LLC,1,0,1
"Tejas Premium Meats, LLC",1,0,1
"Taylor Egg Products, Inc.",1,0,1
Tejas Meat Processors,1,0,1
"Teets Meat Packing, LLC",1,0,1
"Teddy's Tasty Meats, Inc.",1,0,1
Ted's Meat Market,1,0,1
"Tcm, Inc.,",1,0,1
"Taylor's Sausage, Inc.",1,0,1
"Taylor Farms Florida, Inc.",1,0,1
Tamales By La Casita Inc.,1,0,1
"Taylor Made Meat Processing, LLC",1,0,1
"Targhee Brands, Inc.",1,0,1
"Tata's Pierogi Factory, LLC",1,0,1
"Tasty Jerky Hawaii, LLC",1,0,1
Tasty Factory Corporation,1,0,1
Taste of Italy,1,0,1
Taste Right Foods LLC,1,0,1
"Taste Africa, LLC",1,0,1
Tanks Meats Inc.,1,0,1
Tamales Del Valle,1,0,1
"Tandem USA, LLC",1,0,1
Tan Dinh Food Products Corp.,1,0,1
Tampasta LLC,1,0,1
"Tampa Bay Fisheries, Inc.",1,0,1
"Tamarack Foods, LLC",1,0,1
Tamales Los Mayas LLC,1,0,1
Taylor's Mexican Chili Co. Inc,1,0,1
Taylor Farms Tennessee North,1,0,1
Tom King & Son Packing Company,1,0,1
"Thege's Wild West Bar-B-Que, LLC",1,0,1
Thoma Meat Market,1,0,1
This Old Farm Meats and Processing,1,0,1
"Thibodeaux's Cajun Food, Inc.",1,0,1
Theurers Custom Meat Inc,1,0,1
Theos's Distribution LLC dba Mama's Makings LLC,1,0,1
Theodore L. Gross Inc.,1,0,1
"Three Sons Processing-Texas, Inc.",1,0,1
Thomasville Cold Storage,1,0,1
Thumann Inc.,1,0,1
The XCJ Corp,1,0,1
Tian Tian Food Service,1,0,1
"Tomoe Food Services, Inc.",1,0,1
Tommy's Quality Meats,1,0,1
Toman's City Market,1,0,1
Thomas Brothers Foods,1,0,1
Thompson Farms Country Cured Meats,1,0,1
"Taylor Farms TX, Inc.",1,0,1
"Thrushwood Farms Quality Meats, Inc.",1,0,1
Taylor Farms Southwest Inc.,1,0,1
"Taylor Farms Retail, Inc. Gonzales",1,0,1
Taylor Farms Northwest LLC,1,0,1
"The Fierro Group, Fierro HPP & Distribution",1,0,1
The Fillo Factory,1,0,1
The Flying Meatballs LLC,1,0,1
Three Rivers Trucking Inc.,1,0,1
"Thompson Packers, Inc.",1,0,1
Three Rivers Meat Company,1,0,1
Three Paisano's Food Service Inc.,1,0,1
Three Lakes Ranch,1,0,1
Thoughtful Snacks LLC,1,0,1
Thompsons Meats Inc.,1,0,1
Thompson Sausage Co.,1,0,1
Tatlong ltlog LLC,1,0,1
"Tawa Services, Inc.",1,0,1
Taylor Farm - Pacific,1,0,1
"The Beautiful Pig, Inc.",1,0,1
Ukrop's Homestyle Foods,1,0,1
Top Essential Farm LLC,1,0,1
Top 10 Produce LLC,1,0,1
Tooele Valley Meat,1,0,1
"Texas Tech University, Gordon W. Davis Meat Science Laboratory",1,0,1
The British Pie Company LLC,1,0,1
The Bait Shop,1,0,1
Uncle Abies Factory LLC,1,0,1
"The Alps Provision Co., Inc.",1,0,1
The Alpine Wurst & Meat House,1,0,1
The 29ers Provisions,1,0,1
Thanks Danks,1,0,1
"Textured Food Innovations, LLC",1,0,1
Texas Twist,1,0,1
Uli's Famous Sausage LLC,1,0,1
Uncle Henry's Gourmet Meats,1,0,1
Tequenomania,1,0,1
Union Foods LLC,1,0,1
United Foods International (USA) Inc.,1,0,1
"UW Provision Company, Inc.",1,0,1
United Foods Corporation,1,0,1
"United Custom Foods, LLC",1,0,1
"Union Slaughter House, Inc.",1,0,1
Union Kitchen Eckington,1,0,1
Unidos Meat Processors LLC,1,0,1
"Uncle John's Pride, LLC",1,0,1
Unicold Corporation,1,0,1
"Unibright Foods, Inc.",1,0,1
Underground Slaughter LLC,1,0,1
Uncle Peter L.L.C.,1,0,1
"Uncle Louie Sausage Co., Inc.",1,0,1
Uncle Johnny's Wholesale Catfish,1,0,1
Texas Natural Meats,1,0,1
"Tonali's Meats, LLC",1,0,1
Texas Jerky Shack,1,0,1
The Butchery Inc.,1,0,1
The Cut Meat Market,1,0,1
"The Cut Custom Processing, LLC",1,0,1
The Craft Cannery,1,0,1
The Country Butcher,1,0,1
The Centerville Pie Company,1,0,1
The Center Cut Slaughter and Meat Processing,1,0,1
"The Butcher Shop, Inc.",1,0,1
Texas Egg Products LLC,1,0,1
"The Butcher Shop at Hyde Farms, LLC",1,0,1
The Butcher Shop Inc,1,0,1
The Butcher Block Meats,1,0,1
The Butcher Block & Smokehouse LLC,1,0,1
Terra Di Siena USA LLC,1,0,1
Terminal Freezers,1,0,1
The Daily Jerky,1,0,1
"The Dish, Inc.",1,0,1
The Doner Factory,1,0,1
The Dough Connection,1,0,1
The Durand Smokehouse LLC,1,0,1
The Fierro Group,1,0,1
The Butcher Block,1,0,1
The Butcher Barn,1,0,1
The Bruss Company,1,0,1
The BrothFarm LLC,1,0,1
"Terra di Siena USA, LLC",1,0,1
TexSan Butchers,1,0,1
Texas Asian Food Manufacturing Corporation,1,0,1
"Texas Best Beef Jerky, Inc.",1,0,1
Texas Best Protein,1,0,1
Texas Chaw,1,0,1
"Texas County Meat Processing, LLC",1,0,1
Tom's Slaughter House,1,0,1
"Toluca Mexican Style Food Products, LLC",1,0,1
USA Pork Packers Inc,1,0,1
Wilmington Slaughter,1,0,1
Win Fat Food LLC,1,0,1
"Win Chill Cold Storage, LLC",1,0,1
"Wilson Processing Company, Inc.",1,0,1
Wilson Packing Company,1,0,1
"Wilson Farm Meats, Inc.",1,0,1
Wilson Beef Farms LLC,1,0,1
Willy's Products,1,0,1
Windham Butcher Shop Inc.,1,0,1
Willow Creek Meats,1,0,1
Williamsburg Packing Company Inc.,1,0,1
Whitsons Food Service (Bronx) Corp.,1,0,1
Whitleyville Station Meat Processing,1,0,1
Whitewater Processing LLC,1,0,1
Western Smokehouse,1,0,1
"Win-A-Nell Butchering and Meats, LLC",1,0,1
Windy Meadows Family Farm,1,0,1
"Western Meat Processing, Inc.",1,0,1
"Whitsons Food Services (Bronx), LLC",1,0,1
"Wholesum Foods, LLC",1,0,1
"Wholesome Products, LLC",1,0,1
"Wholesome Foods, Inc.",1,0,1
"Wholesale Produce Supply, LLC",1,0,1
Wholesale Meats & More,1,0,1
"WholeStone Farms Cooperative, Inc.",1,0,1
"Whitsons Food Service (Bronx), LLC.",1,0,1
"Windy N Ranch, LLC",1,0,1
William Fred Miller/Miller Distributing Inc.,1,0,1
William Hall,1,0,1
"Williams Foods, Inc.",1,0,1
"Winkler Meats, Inc.",1,0,1
Wing Lee Farms,1,0,1
Winesburg Meat Inc.,1,0,1
"Western Meat Processors, Inc.",1,0,1
Western Kentucky University Meat Science Laboratory,1,0,1
"To-Ricos, Ltd.",1,0,1
"White Oak Meats, LLC",1,0,1
"Westminster Meat Packing, Inc.",1,0,1
White's Wholesale Meats,1,0,1
White Transfer & Storage Company,1,0,1
White River Cold Storage,1,0,1
White Oak Pastures Inc.,1,0,1
White Oak Pastures,1,0,1
"White Lake Foods, LLC",1,0,1
"Westin, Inc. Fairbury Food Division",1,0,1
White Eagle Packing Company Inc.,1,0,1
Whiskey Ridge,1,0,1
Whiskey Hill Smokehouse LLC,1,0,1
"Whiskey Creek Cattle, LLC",1,0,1
Whip City Jerky,1,0,1
Whalens Meat Packing LLC,1,0,1
Whiteman Meat Processing,1,0,1
Western Meat Service,1,0,1
Western Heritage Meat Company,1,0,1
West Liberty Foods LLC,1,0,1
"Westerly Packing, Inc.",1,0,1
Westcliffe Meats,1,0,1
West Texas A&M University Meat Laboratory,1,0,1
West Palm Cold Storage LLC,1,0,1
West Michigan Beef Co. LLC,1,0,1
"West Liberty Foods, LLC R&D Pilot Plant",1,0,1
West Lake Food Corporation,1,0,1
Werner Gourmet Meat Snacks Inc.,1,0,1
West Georgia Processing,1,0,1
"West Forty Market, LLC",1,0,1
"West End Fresh Salads, LLC",1,0,1
"West Coast Prime Meats, LLC",1,0,1
West Coast Meats Inc.,1,0,1
West Central Turkeys LLC,1,0,1
Wichita Packing Company,1,0,1
"Wenzel's Farm, LLC",1,0,1
Wilcox Farms Inc.,1,0,1
The Lamb Co-operative Inc.,1,0,1
"The Meat Locker, LLC",1,0,1
The Meat House,1,0,1
"The Meat Block, Inc.",1,0,1
The Meat Block LLC,1,0,1
The Limestone Meathouse,1,0,1
"The Lamb Cooperative, Inc.",1,0,1
"The Kreuz Sausage and Barbecue Co., Inc.",1,0,1
The Meat Market Inc.,1,0,1
The Kitchen Inc.,1,0,1
The Jambalaya Shoppe Smokehouse,1,0,1
"The Honey Baked Ham Company, LLC",1,0,1
The Honest Stand,1,0,1
The Heywoods Group Corp,1,0,1
The Healthway Group By Labriute,1,0,1
The Meat Market,1,0,1
The Meat Pointe LLC,1,0,1
Wild Country Meats,1,0,1
"Timberline Cold Storage, Inc.",1,0,1
Tj's Pizza Company,1,0,1
Tippins Food Plant,1,0,1
Tipico Food Inc.,1,0,1
Tinian Kualidat Meat Processing Center,1,0,1
Timeline Trading,1,0,1
"Timberline Meats, LLC",1,0,1
Tillamook Country Smoker,1,0,1
The Mountain Steer Meat Company,1,0,1
Tilghman Island Seafood LLC,1,0,1
"Tide Mill Organic Farm, LLC",1,0,1
Tico's Mexican Foods,1,0,1
The XCJ Corp.,1,0,1
"The Wright Direction, LLC",1,0,1
"The Global Gourmet, LLC",1,0,1
"The Grain Bin Butchery & Market, LLC",1,0,1
The Grain Bin Butchery & Market LLC,1,0,1
"The Meat Schoppe, LLC",1,0,1
Valentino's Oven Loven,1,0,1
"The Perfect Pita, Inc.",1,0,1
"The Pasty Oven, Inc.",1,0,1
The Original Zwolle Tamale,1,0,1
"The Original Crunch Roll Factory, LLC",1,0,1
Vace Inc.,1,0,1
Vaillancourt Inspection Inc.,1,0,1
Wilco Cold Storage LLC,1,0,1
The Ohio State University,1,0,1
"William & Co., Inc.",1,0,1
Willamette Valley Meat Co.,1,0,1
"Wiley Processing, LLC",1,0,1
Wilde Brands,1,0,1
"Wild Zora Foods, LLC",1,0,1
Wild Idea Buffalo Suppliers,1,0,1
The Pillsbury Company,1,0,1
The Pork Company,1,0,1
The Pork Rind Factory,1,0,1
The Quay Corporation,1,0,1
"The Real Good Foods Company, LLC",1,0,1
The Russell County Butchery LLC,1,0,1
The Salumeria LLC,1,0,1
The Sausage Kitchen,1,0,1
The Smokehouse,1,0,1
The Spotted Trotter. LLC,1,0,1
The Steel Buffalo Butchery,1,0,1
The Suter Company,1,0,1
"The Suter Company, Inc.",1,0,1
The Taylor Provisions Company,1,0,1
"The Vons Companies, Inc.",1,0,1
The Organic Meat Co.,1,0,1
The Wornick Company,1,0,1
UTZ Quality Foods,1,0,1
"U. Okada & Company, LTD",1,0,1
"Westwater, Inc.  (Westwater Country Hams)",1,0,1
Morton Pizza Partners LLC,1,0,1
"Mountain View Packaging, LLC",1,0,1
"Mountain View Meats Company, Inc.",1,0,1
Mountain Meadows Lamb Corporation,1,0,1
Mountain Meadow Productions,1,0,1
Mosul Kubba,1,0,1
Mosaic Food Company,1,0,1
"Morski Brands, Inc.",1,0,1
Mucci Food Products Ltd,1,0,1
Morris Meat Plant 1239,1,0,1
"Morris Meat Packing Company, Inc.",1,0,1
Morris Meat Packing,1,0,1
Morrilton Packing Co.,1,0,1
Morning Star Poultry,1,0,1
"Morgan Foods, Inc.",1,0,1
Mountain West Food Group LLC,1,0,1
Mudpond Farm,1,0,1
"Moran Foods, LLC dba Save-A-Lot",1,0,1
NHM Packing LLC,1,0,1
NY Delicacy Inc.,1,0,1
"NSC Beef Processing, LLC",1,0,1
NPC Processing Inc.,1,0,1
NOCS West Gulf,1,0,1
"NOCS South Atlantic Cold Storage and Warehouse, LLC",1,0,1
NO BULL Prime Meats Production Facility,1,0,1
NGPM Food Products,1,0,1
Mulami USA LLC,1,0,1
"NGF Processing, LLC",1,0,1
NEW YORK STYLE SAUSAGE CO.,1,0,1
"NEW MARKET POULTRY, LLC",1,0,1
"NEW B & M Meats, Inc.",1,0,1
"NEP Cold Storage, Inc.",1,0,1
Mulan Dumpling LLC,1,0,1
"Morasch Meats, Inc",1,0,1
Mountaire Farms Inc. - NC Division,1,0,1
"True Grade, LLC",1,0,1
Tsim Neej Oriental,1,0,1
Mr. B's Pizza,1,0,1
Raven Brand Products,1,0,1
Rocker Bros. Meat & Provision Inc.,1,0,1
"Raw Seafoods, Inc.",1,0,1
True West Beef LLC,1,0,1
"Tubito's Pizza, LLC",1,0,1
"Try Our, Inc.",1,0,1
"Mr. J's Tamales & Chili, Inc.",1,0,1
Truzzolino Tamales,1,0,1
"Truvant, LLC",1,0,1
"Truvant Foods NA, LLC",1,0,1
Truvant Foods NA LLC,1,0,1
True World Foods NY LLC,1,0,1
True World Foods Los Angeles LLC,1,0,1
Mr. Empanada Inc.,1,0,1
"Mr. Mudbug, Inc.",1,0,1
"Mountaire Farms of Delaware, Inc.",1,0,1
Mrs. Stratton's Salads,1,0,1
Moweaqua Packing Plant,1,0,1
"Mrs. Budd's Kitchen, LLC",1,0,1
Mucca Inc.,1,0,1
Mt. Angel Meat Co.,1,0,1
"Mt. Airy Meat Center, Inc.",1,0,1
Mrs. Williams Country Kitchen Inc.,1,0,1
Mrs. Ressler's Food Products Co.,1,0,1
Mr. P's Jerky,1,0,1
Mrs. Pumpkins Muffin's Inc.,1,0,1
Mrs. Gerry's Kitchen,1,0,1
"Mrs Wheats Fabulous Foods, Inc",1,0,1
Mr Wok Foods Inc. dba Maxfield Foods,1,0,1
Mr. Pizza Inc,1,0,1
Mr. Pierogi,1,0,1
NY Livestock Market Inc.,1,0,1
"NYS DOCS, OFFICE OF NUTRITIONAL SERVICES/FOOD PRODUCTION CENTER",1,0,1
Nadler's Meats & Catering LLC,1,0,1
Mineo & Sapio Meats,1,0,1
Milano Importing Inc.,1,0,1
Minnesota Meat Masters,1,0,1
Minnesota Meat Market,1,0,1
Miniat Foods LLC,1,0,1
Mingua Brothers Beef Jerky,1,0,1
Mineola Packing Co. Inc.,1,0,1
"Minard's Spaghetti Inn, Inc.",1,0,1
Milan Salami Co.,1,0,1
"Milwaukee Craft Meats, LLC., d/b/a Klement's Sausage Company",1,0,1
Miltona Custom Meats Inc.,1,0,1
Milton Chili Co.,1,0,1
"Milmar Food Group II, LLC",1,0,1
Mills County Meat Locker,1,0,1
Millord River Impex Corporation,1,0,1
"Minore's Meats, LLC",1,0,1
Mike's Quality Meats Inc.,1,0,1
Najaf Halal Meat Company,1,0,1
Midwest CP Storage,1,0,1
Midwestern Meats,1,0,1
"Midwest Smoked Meats, LLC",1,0,1
Midwest Regional Processing LLC,1,0,1
"Midwest Refrigerated Milwaukee, Inc.",1,0,1
"Midwest Kitchens, LLC",1,0,1
Midwest Kitchens,1,0,1
Midway Meats,1,0,1
"Micronesian Brokers, Inc.",1,0,1
"Midsouth Packers, LLC",1,0,1
Mids Spaghetti Sauce,1,0,1
"Midland Meat Packing NY, Inc.",1,0,1
Midamar Corporation,1,0,1
"Mid-Town Favorite Beef, LLC",1,0,1
"Mid-South Sales, LLC",1,0,1
"Miller's Quality Meats, LLC",1,0,1
Miller Packing Company,1,0,1
"Miller Foods, Inc",1,0,1
Muleshoe Meat Processing,1,0,1
"Musa Halal Slaughter House, LLC",1,0,1
"Murray Warehousing, Inc.",1,0,1
Murazzi Provision Co Inc,1,0,1
Munsey Meats,1,0,1
"Munsell's Poultry Processing, LLC",1,0,1
"Multimodal Logistics, Inc.",1,0,1
Mulberry Farms Inc.,1,0,1
"Miller Charm Farm, LLC",1,0,1
NAIVE LLC,1,0,1
"NCF Foods, LLC",1,0,1
Moosehead Meats,1,0,1
NEP Cold Storage Inc.,1,0,1
Nakasone Slaughterhouse,1,0,1
"Najla's Speciality Foods, Inc.",1,0,1
Musselman's Meats LLC,1,0,1
"Mutual Beef Co., Inc.",1,0,1
"Mutual Trading Co., Inc.",1,0,1
My Bento & Catering,1,0,1
"My Magic Kitchen, Inc. (DBA MagicKitchen.com)",1,0,1
"My Own Meals, Inc.",1,0,1
Myers Meats And Specialties,1,0,1
Mystic Cafe,1,0,1
N S Brandon Packing Inc.,1,0,1
N.E. Pizza Corp.,1,0,1
N.O.C.S. West Gulf,1,0,1
"NAT KAGAN MEAT & POULTRY, INC.",1,0,1
"Moores Specialty Meat Products, Inc.",1,0,1
Moore & Moores Catfish Co. LLC,1,0,1
"Moonlite Bar-B-Q Inn, Inc.",1,0,1
Mill Creek Meats and Processing,1,0,1
Millenia Foods LLC,1,0,1
"True Pack, LLC.",1,0,1
Troyers Trail Bologna,1,0,1
U. S. Beef Inc.,1,0,1
"Upside Foods, Inc. - Shellmound Plant",1,0,1
United States Cold Storage LLc,1,0,1
United States Cold Storage LLC,1,0,1
United States Cold Storage Inc,1,0,1
United States Cold Storage - Wilmington,1,0,1
"United Premium Foods, LLC",1,0,1
United Natural Foods Inc.,1,0,1
"Urban Farmer, LLC",1,0,1
United States Meat Animal Rese,1,0,1
Urseilas Meat II,1,0,1
"Urth Hawthorne Commissary, LLC",1,0,1
VT Pie and Pasta Co.,1,0,1
VSU's Small Ruminant Mobile Meat Processing Lab,1,0,1
"VSM NY Distribution, LLC/Fairway Market Distribution Center",1,0,1
"VSC Holdings, LLC",1,0,1
United States Cold Storage of CA,1,0,1
"Unity Beef Sausage Co., Inc.",1,0,1
"VPGC,LLC",1,0,1
"University of Nevada, Reno Mobile Unit",1,0,1
Treasure Isle Foods,1,0,1
"Tyson Processing Services, Inc.",1,0,1
Ray Chavez Distributor Corp.,1,0,1
"Universal Pure Holdings, LLC",1,0,1
Upper Iowa Beef LLC,1,0,1
University of Wisconsin River Falls,1,0,1
University of Kentucky - Animal Science Meat Laboratory,1,0,1
U. C. Davis Meat Laboratory,1,0,1
University of Idaho Meats Lab,1,0,1
University of Georgia Meat Plant,1,0,1
University of Florida Meat Lab,1,0,1
University of Arizona Food Products & Safety Lab,1,0,1
Universal Pure West,1,0,1
"Universal Pure Cold Storage, LLC & Universal Pure, LLC",1,0,1
"VPP Group, LLC",1,0,1
"VP Foods, Inc.",1,0,1
Troy Foods Inc,1,0,1
US Commodity Food Sales,1,0,1
"US Quality Meats, LLC",1,0,1
"US Meat Processing, LLC",1,0,1
US Import Meat Inspection,1,0,1
"US Foods, Inc. d/b/a Stock Yards Packing Company",1,0,1
"US Foods, Inc. d/b/a Stock Yards Meat Packing Company",1,0,1
"US Foods, Inc",1,0,1
US Cold Storage,1,0,1
USA Canning Food,1,0,1
"UPC Southeast, LLC",1,0,1
"UP Products, LLC",1,0,1
U.S. Import Meat Inspection,1,0,1
"U.S. Foods, Inc.",1,0,1
U.S. Food International,1,0,1
"U.F.S. Industries, Inc.",1,0,1
"USA Beef Packing, LLC",1,0,1
USA Ham LLC,1,0,1
VM LA Sultana Products Corp,1,0,1
"V & V Products, Inc.",1,0,1
VKGG Inc.,1,0,1
"VIE DE FRANCE YAMAZAKI, INC",1,0,1
"VF America, LLC",1,0,1
"VERTICAL COLD STORAGE, LLC",1,0,1
"VERONI USA, INC",1,0,1
VAM Foods LLC,1,0,1
"Utz Quality Foods, LLC.",1,0,1
USU Meat Laboratory,1,0,1
Utah State University Meat Science Lab,1,0,1
"Utah Beef Producers, LLC",1,0,1
"Urumex, LLC",1,0,1
"United Meat Products, Inc.",1,0,1
United Meat Market,1,0,1
United Group Meats LLC,1,0,1
Trend Leasing South,1,0,1
Trenton Halal Packing Company,1,0,1
Trenton Processing,1,0,1
Turn Road LLC,1,0,1
Tuv Taam Corp,1,0,1
Tutta Bella Culinary,1,0,1
"Tuscany South, LLC",1,0,1
Tusan Commodities Inc,1,0,1
"Turri's Italian Foods, Inc.",1,0,1
"Turner Ham House, Inc.",1,0,1
Turkish Depot Foreign Trade Corporation,1,0,1
"Twin Marquis, LLC",1,0,1
"Turkey Valley Farms, Inc.",1,0,1
Triple Sticks Foods LLC,1,0,1
"Triple J Five Star Wholesale Foods, Inc",1,0,1
Triple C Meats,1,0,1
Transylvania Meat Co Inc,1,0,1
Tran Meat Corporation,1,0,1
Twin Loups Quality Meats,1,0,1
Twin Pine Farm Inc.,1,0,1
Tri State Meats LLC DBA Special D Meats,1,0,1
Tucson Tamale Wholesale Company LLC,1,0,1
Troutmans Meats and Supplies,1,0,1
Tropical Foods,1,0,1
"Tropic Star Seafood, Inc.",1,0,1
Troll Smokehouse,1,0,1
Triumph Foods LLC,1,0,1
Tripp Country Ham Inc.,1,0,1
Tudo Bom LLC,1,0,1
Two Brothers Pork Skins,1,0,1
Tullys Market & Deli,1,0,1
"Tyson Processing Services, Inc",1,0,1
"Tyson Bros., Inc.",1,0,1
Tyler Custom Cuts,1,0,1
Two Creek Farms LLC,1,0,1
"Two Brothers for Wholesale Chicken, Inc.",1,0,1
Trailtopia LLC,1,0,1
"Trafon Group, Inc.",1,0,1
Trafon Group Inc.,1,0,1
Trillium Farms,1,0,1
"Travis Meats, Inc.",1,0,1
Trinity X-Ray LLC,1,0,1
Trinity Meat Company LLC,1,0,1
Trim-Rite Food Corporation,1,0,1
"Trilogy Foods, LLC",1,0,1
Trillium Farms - Layer # 5,1,0,1
"Triland Foods, Inc.",1,0,1
Traditional Snacks,1,0,1
Trig's Smoke House,1,0,1
Tribal Meat LLC,1,0,1
"Triangle Meat Company, Inc.",1,0,1
Triad Halal Meats LLC,1,0,1
Tri-Town Packing Corporation,1,0,1
Tri-State Fish,1,0,1
Triple A Meat Sales Inc.,1,0,1
Traverse Bay Pizza Company,1,0,1
Trans-Packers Services Corp.,1,0,1
Top Food Provision,1,0,1
Top Notch Jerky LLC,1,0,1
Top Salgados by Sandra Carvalho,1,0,1
Top Taste Food Inc,1,0,1
Tortellini & Co. Inc.,1,0,1
Total Distribution Inc.,1,0,1
Total Packaging,1,0,1
Total Packaging LLC,1,0,1
"Total Packing of Kentucky, INC.",1,0,1
Total Product Distributor Inc.,1,0,1
Towerhouse,1,0,1
Towson Cold Storage,1,0,1
Trackside Butcher Shoppe,1,0,1
"Trader Gus, Inc.",1,0,1
Wet Noses Natural Dog Treat Co. LLC,1,0,1
Westville Meat Market & Processing LLC,1,0,1
Ryder System Inc,1,0,1
"Sechrist Bros., Inc.",1,0,1
Select Cut Meat Processing,1,0,1
Select Brands L.L.C.,1,0,1
Segarra's Sausage,1,0,1
Second Harvest Heartland,1,0,1
"Second Harvest Food Bank of Middle Tennessee, Inc.",1,0,1
Second Bite Foods Inc,1,0,1
Seattle Egg Roll Corp,1,0,1
Selecto Pork Skin Company,1,0,1
Seaport Meat Co.,1,0,1
Seaonus Refrigerated Services,1,0,1
Seaonus Cold Storage -- Jacksonville LLC,1,0,1
Seaonus Cold Storage - Jacksonville LLC,1,0,1
"Serenade Foods, Division of Maple Leaf Farms, Inc.",1,0,1
Serv Cold  Acquisitions,1,0,1
"Select Meats, Inc.",1,0,1
Selim's Doner Kebap House L.P.,1,0,1
"Serv-Rite Meat Company, Inc.",1,0,1
Safe Food X-Ray LLC,1,0,1
"Sahlen Packing Company, Inc.",1,0,1
"Sahlen Packing Co., Inc.",1,0,1
"Safeway Fresh Food, LLC",1,0,1
"Safety Fresh Foods, LLC.",1,0,1
Safety Fresh Foods LLC,1,0,1
"SafeScan Logistics, LLC",1,0,1
"Sausage World, inc.",1,0,1
"Sendjoeskcbbq, LLC",1,0,1
Saval Foods Corporation,1,0,1
"Savenor's Supply Company, Inc.",1,0,1
Serra Sausage LLC,1,0,1
Seoul Soondae Inc.,1,0,1
Sensient Flavors LLC,1,0,1
Sensenig Turkey Farm LLC,1,0,1
Seafrigo Coldstorage Miami Inc,1,0,1
Shamrock Locker LLC,1,0,1
Schenk Packing Company Warehouse,1,0,1
"Schnuck Markets, Inc. SLNP",1,0,1
Seafrigo Coldstorage Chicago Inc.,1,0,1
Savignano Foods Corp.,1,0,1
Schreiner's Fine Sausages,1,0,1
"Schratter Foods, Inc dba Corman Ship Supplies",1,0,1
"Schrader Farms, LLC",1,0,1
Schonwetter Enterprises Inc.,1,0,1
Schneider's Fish and Seafood Corp.,1,0,1
Service Cold Storage / Port Everglades Frozen Storage LLC,1,0,1
Schmitz Diversified Corporation,1,0,1
Schmalz European Provision Inc.,1,0,1
"Schiltz Foods, Inc.",1,0,1
"Schiff's Restaurant Service, Inc.",1,0,1
"Schiff's Food Service, Inc.",1,0,1
Schiff's Food Service,1,0,1
"Seafrigo NA ColdStorage, Inc. dba: AIRFRIGO USA, INC",1,0,1
"Service Meat Distributors, LLC",1,0,1
Shamrock Food Company,1,0,1
Seviroli Foods LLC,1,0,1
"Shakespeare's Pizza, Inc.",1,0,1
"Shaker Valley Foods, Inc",1,0,1
"Shahs Halal New Horizons Processing, Inc.",1,0,1
Shahnawaz Foods LLC,1,0,1
Shah's Halal Food & Products Inc.,1,0,1
"Shaffer Vension Farms, Inc.",1,0,1
Severino Pasta Mfg Co Inc,1,0,1
Settlers Jerky Inc.,1,0,1
Severino Pasta Manufacturing Company,1,0,1
Seven Oaks Meat Processing,1,0,1
Seven Nation Food Company,1,0,1
Seven Hills Food LLC,1,0,1
Seven Hills Abattoir,1,0,1
Seugling Meat Packing Inc.,1,0,1
Saiga LLC,1,0,1
Saigon Eggrolls LTD,1,0,1
Saigon Gourmet LLC,1,0,1
Santora Foods LLC,1,0,1
Saucefly Basecamp,1,0,1
Sargento Cheese Inc.,1,0,1
Sara Sausage,1,0,1
Saputo Cheese USA Inc.,1,0,1
Saputo,1,0,1
Saporicalabresi,1,0,1
"Santa Fe Importers, Inc.",1,0,1
"Saugatuck Kitchens, LLC",1,0,1
Sanford Butcher Shop,1,0,1
Sandridge Food Corporation,1,0,1
"Sandridge - PA, LLC",1,0,1
Sanderson Farms Processing Inc. Tyler Processing Division,1,0,1
"Sanderson Farms Foods, LLC",1,0,1
Sanders Meat Service,1,0,1
Saugatuck Kitchens,1,0,1
Sausage Factory Inc.,1,0,1
Saigon Kitchen LLC,1,0,1
Salumeria Biellese LLC,1,0,1
SAN Meat Packing Inc.,1,0,1
Sam Butcher Shop,1,0,1
Salumificio G.B.,1,0,1
"Salumi Chicago, Inc",1,0,1
"Salumi Artisan Cured Meats, LLC",1,0,1
"Salumeria Oldani, LLC",1,0,1
Salumeria Biellese Inc.,1,0,1
"Sausage Warehouse, LLC",1,0,1
"Salt Marsh Foods, Inc.",1,0,1
Salt Lake Fine Foods,1,0,1
San Guiseppe Salami Co. by Giacomo,1,0,1
"San Lorenzo Foods, LLC",1,0,1
San Luis International Cold Storage Services LLC,1,0,1
San Miguel,1,0,1
Sanchez Slaughterhouse,1,0,1
"Salt Blade, LLC",1,0,1
Salt + Smoke,1,0,1
"Safari Eats, LLC",1,0,1
"SFMV Newco, LLC",1,0,1
SEABOARD TRIUMPH FOODS,1,0,1
"SDV Logistics, LLC",1,0,1
Sabormix LLC,1,0,1
"Sadler's Smokehouse, LLC",1,0,1
Salsas Locas,1,0,1
Salsabil Meat Processing,1,0,1
Salt & Strings Butchery,1,0,1
"Salem Halal Meat Packaging, LLC",1,0,1
"Salchert's Market, Inc",1,0,1
"Salad Time, LLC",1,0,1
Saker Shoprites Inc,1,0,1
Sailer's Food and Meat Processing,1,0,1
Sailer's Food Market and Meat Processing,1,0,1
SHENANDOAH VALLEY ORGANIC,1,0,1
SK Food Group Inc,1,0,1
SLC Cold Storage,1,0,1
"SLM Gyro & Donor, LLC",1,0,1
"SME  Foods, LLC",1,0,1
"SMGP Holdings, LLC",1,0,1
SON AND SONS TRADING CO. INC.,1,0,1
SOPAKCO Packaging,1,0,1
"SOPAKCO, Inc.",1,0,1
SP Provisions,1,0,1
"SR Forwarding, Inc.",1,0,1
SSI Foods LLC,1,0,1
"STX Beef Company, LLC",1,0,1
Saba Poultry 3 Corp,1,0,1
Sabanero Inc.,1,0,1
"Sabor Brasil, LLC",1,0,1
Saddle Creek Corporation,1,0,1
"Schenk Packing Company, Inc.",1,0,1
"Schafer Fisheries, Inc.",1,0,1
Samjhana Gourmet Foods LLC,1,0,1
Resaca Meat Processing LLC,1,0,1
"Ready Alliance Group, Inc",1,0,1
"Raybern Foods, LLC",1,0,1
"Ray's Wholesale Meats, Inc.",1,0,1
"Ray S.F., Inc., DBA, FreezPak Logistics",1,0,1
"Ray S. F., Inc DBA, FreezPak Logistics",1,0,1
Red field Ranch,1,0,1
Redondo's LLC,1,0,1
"Ready Pac Produce, Inc.",1,0,1
Renner Corner Jerky,1,0,1
Renegades Meat Processing LLC,1,0,1
"Renegade Processing, LLC",1,0,1
Ren Seafoods Inc,1,0,1
"Rembrandt Enterprises, LLC",1,0,1
Reliant Fish Co.,1,0,1
Ready Foods,1,0,1
Readywise Inc.,1,0,1
Reliable Brothers,1,0,1
"Red Font, Inc.",1,0,1
Riley's Jerky,1,0,1
Responsible Transportation LLC,1,0,1
"Reser's Fine Foods, Inc. DBA Fresh Creative Foods",1,0,1
"Research & Development, Hormel Foods Corporate Services, LLC",1,0,1
"Red Smith Foods, Inc.",1,0,1
Red Rock Beef Jerky,1,0,1
Red Cloud Food Services,1,0,1
Real Cajun Market,1,0,1
Red Bowl Food Corporation,1,0,1
Red Bird Farms Dist. Co.,1,0,1
Red Barn Meats Inc.,1,0,1
Red Barn Butchering,1,0,1
Rebhan R&W Meat Co. Inc.,1,0,1
"Reams Family Foods, Inc.",1,0,1
Reliable Wholesale Meats,1,0,1
"Reinhart Foodservice, LLC",1,0,1
Schad Meats Inc.,1,0,1
"Royalty Meats & Poultry, LLC",1,0,1
Russ' Commissary,1,0,1
"Russ Davis Wholesale, Inc.",1,0,1
Ruprecht Company,1,0,1
"Rudy's Meat Provisioners, LLC",1,0,1
"Rudolph Foods Company, Inc",1,0,1
Rudolph Foods Company Inc.,1,0,1
"Royal Sausage Company, Inc.",1,0,1
Russian Style Ravioli Inc.,1,0,1
"Royal Provisions, LLC",1,0,1
Royal Pack LLC,1,0,1
Royal Meat LLC,1,0,1
Royal Foods Distribution,1,0,1
Rutledge Meat Processing,1,0,1
"Ryder Integrated Logistics, Inc.",1,0,1
Russak's Cured & Smoked Products,1,0,1
Russo Wholesale Meats,1,0,1
"Reichel Foods, Inc.",1,0,1
Reedy Creek Meat Co.,1,0,1
Reichel Foods Inc.,1,0,1
"Reichardt Duck Farm, Inc.",1,0,1
Regional Food Bank of Oklahoma,1,0,1
"Reggio's Pizza, Inc.",1,0,1
Regenerative Agriculture Alliance,1,0,1
Reel Cajun Foods,1,0,1
Reed and Hertig Packing Co,1,0,1
Rutger University Food Innovation Center,1,0,1
Robert M. Kerr Food and Agricultural Products Center,1,0,1
Robert Winner Sons Inc.,1,0,1
"Roberts Corned Meats, Inc",1,0,1
Ruwaldt Packing Co.,1,0,1
Ruthven Meat Processing Inc.,1,0,1
"Ruth Premium Meat, LLC",1,0,1
Riley's Meats,1,0,1
Rio Bravo Distribution,1,0,1
Rio Grande Pak Foods,1,0,1
Schuster Meat Corp,1,0,1
Scooters Natural Meats,1,0,1
Sconnie Slices LLC,1,0,1
Schweid and Sons,1,0,1
"Schwan's Global Supply Chain, Inc.",1,0,1
"Schwan's Food Company Global Supply Chain, Inc.",1,0,1
Schwab & Company,1,0,1
SCR International Corp.,1,0,1
Screamin' Ridge Farm Inc.,1,0,1
"SAN JOSE VALLEY VEAL, INC",1,0,1
Shanghai Egg Rolls Co.,1,0,1
"Riceland Crawfish, Inc.",1,0,1
"Rickman's Custom Meat Processing, LLc",1,0,1
"Rick's Barbecue, Inc",1,0,1
Richwood Meat Co.,1,0,1
Scotts Hook & Cleaver Inc.,1,0,1
Sea Bend Meat Company,1,0,1
"Rio Star Foods, Inc.",1,0,1
Seafrigo Cold Storage Miami,1,0,1
Scanga Meat Company,1,0,1
"Sawtooth Meats, Inc",1,0,1
SavorCrafters LLC,1,0,1
"Savoie's Sausage & Food Products, Inc",1,0,1
Schreiber Processing Corporation,1,0,1
Schrock's Slaughter House,1,0,1
"Schubert's Smokehouse Packing Co., Inc.",1,0,1
"Sea Farms, Inc.",1,0,1
Seabrite Corp.,1,0,1
"Seaboard Solutions, Inc.",1,0,1
Sea World Inc,1,0,1
"Sea Win, Inc.",1,0,1
"Sea Watch International, Ltd",1,0,1
Sea Watch International,1,0,1
"Richmond Wholesale Meat, LLC",1,0,1
Richmond Wholesale,1,0,1
"Richelieu Foods, Inc.",1,0,1
"Riverview Meat Company, LLC",1,0,1
Rob-Dav Distributors Inc.,1,0,1
Roanoke Processing Co.,1,0,1
"Roadrunner Home Bake, Inc.",1,0,1
Roadhouse Market LLC,1,0,1
"Road 39 Ranch Meats, LLC",1,0,1
"Rizzo's Malabar Inn, Inc.",1,0,1
"Riverson Foods, Inc.",1,0,1
Richelieu Foods Inc,1,0,1
Riverside Meats,1,0,1
"Riverbend Meats, LLC",1,0,1
River Bear American Meats,1,0,1
"Ritter Foods, LLC",1,0,1
Rite Stuff Foods,1,0,1
Rising Spring Meat Co.,1,0,1
Riley Family Farms dba Southern Heritage Foods,1,0,1
Ridley's Family Markets,1,0,1
Ridgeway Freezer Inc,1,0,1
Rico's Burritos,1,0,1
Restaurant Consulting Group LLC,1,0,1
"Restaurant Depot, LLC/DBA Jetro Cash & Carry",1,0,1
"Rettland Farm, LLC",1,0,1
"Revival Gourmet Foods, LLC",1,0,1
"Reynaldo's Mexican Food Company, LLC",1,0,1
Rhino Meat Processing LLC,1,0,1
"Rhode Island Beef & Veal, Inc.",1,0,1
Rhode Island Shellfish Company,1,0,1
"Ricci's Italian Sausage, Inc.",1,0,1
SALARINO'S ITALIAN FOOD INC.,1,0,1
Rice Field Corporation,1,0,1
"Richandre, Inc.",1,0,1
Richard's Cajun Foods,1,0,1
Sam's Club Wholesale Trading # 7191,1,0,1
Sammy's Poultry LLC,1,0,1
"Westside Distributors, LLC",1,0,1
"Vito A Sindoni & Son Packing Co., LLC",1,0,1
World Wide Air Marine,1,0,1
"World Food P&D, Inc.",1,0,1
"Werling and Sons, Inc.",1,0,1
"Wenneman Meat Company, Inc.",1,0,1
"Valeria's Kitchen, LLC",1,0,1
Vineridge Inc.,1,0,1
Vitale Meats Poultry & Provisions LLC,1,0,1
Wright City Meat,1,0,1
"Vital Foods, LLC",1,0,1
Vista Packaging and Logistics,1,0,1
Vista Meat Processing LLC,1,0,1
"Vista Meat Processing 2, LLC",1,0,1
Virginia Packing LLC,1,0,1
Virginia Live Fish Co.,1,0,1
Wow Specialty Cuts Corp.,1,0,1
Wright's Meat Processing INC.,1,0,1
Wendel's Poultry Farm,1,0,1
"Y. H. Foods, Inc.",1,0,1
World Class Kitchens-Freehold,1,0,1
Yankee Trader Seafood LTD.,1,0,1
Yancey's Fancy,1,0,1
Yaman Halal Meats Inc.,1,0,1
YORK STREET CATERERS INC.,1,0,1
YODERS BUTCHER BARN,1,0,1
"Wyoming Ranch Foods, LLC",1,0,1
Wright's Packing Co.,1,0,1
"Wyoming Legacy Meats, LLC",1,0,1
Wyoming Authentic Products LLC,1,0,1
Wyhe's Choice,1,0,1
Wycliff Douglas Provisions,1,0,1
"Wycen Foods, Inc.",1,0,1
Wurst Works,1,0,1
"Violet Sanford Holdings, LLC",1,0,1
Vincent Giordano Corporation,1,0,1
Venus Foods Inc.,1,0,1
W & G Marketing Co Inc,1,0,1
WCD Kitchen - Daytona,1,0,1
"WARABEYA North America, Inc.",1,0,1
"W.T. Distributors, Inc.",1,0,1
"W.E. Ryan Co., Inc.",1,0,1
"W. A. Bean & Sons, Inc.",1,0,1
"W Diamond M Meats, LLC",1,0,1
W & G Marketing,1,0,1
WCD Kitchen - Lacey,1,0,1
Vuetastic Jerky LLC,1,0,1
Voung Dim Sum Corporation,1,0,1
Vortex Cold Storage,1,0,1
Volunteer Meats LLC/412 Meat Processing,1,0,1
Vigil's Beef Jerky,1,0,1
"Vietti Foods Company, Inc",1,0,1
WCD Kitchen - Irving,1,0,1
WCD Kitchen - Minooka,1,0,1
Vincent Giordano Corp.,1,0,1
Village Green Foods,1,0,1
Vina Foods,1,0,1
Vina & Son Meats Dist Corp,1,0,1
"Vima Development, LLC",1,0,1
Villarina's Pasta & Fine Foods,1,0,1
Villari Food Group,1,0,1
Villalobos Mexican Food Dist.,1,0,1
Viva Burrito Development Corporation,1,0,1
"WEDCO, Inc.",1,0,1
Vocci Ravioli Company,1,0,1
Vollwerth & Co.,1,0,1
Volo Packing & Market,1,0,1
"WILD Flavors, Inc",1,0,1
WFN Foods LLC,1,0,1
WEST BEST FOODS INC,1,0,1
Yants Snack Foods LLC,1,0,1
World Class Distributions,1,0,1
"Working H Meats, LLC",1,0,1
"Yuris Food, LTD",1,0,1
Yoder's Butcher Block,1,0,1
"Yoder Meats, Inc.",1,0,1
Yoakum Packing Co.,1,0,1
Yellowstone River Beef,1,0,1
Yellow Bowler Hat LLC,1,0,1
"Ye Olde Kings Head, Inc.",1,0,1
"ZYK Enterprises, Inc.",1,0,1
York Cold Storage Co,1,0,1
Yassine Halal Food Corp,1,0,1
Zahran Import Export Wholesale Inc.,1,0,1
madinatraders mar,1,0,1
eGourmet Solutions Inc,1,0,1
drei Bruders Rasberry's Fresh Pork Sausage,1,0,1
Zweigle's Inc.,1,0,1
Yonker Brothers Processing LLC,1,0,1
York Meats,1,0,1
Wisconsin's Best,1,0,1
Young's Meat Market,1,0,1
"Westons Meat Cutting, DBA Matthew Weston",1,0,1
Winly Foods LLC,1,0,1
Winningham's Meats,1,0,1
Winston's Sausage,1,0,1
Yushang Food Inc.,1,0,1
Yummy Yum Food,1,0,1
"Young Ocean, Inc.",1,0,1
York Street Caterers Inc.,1,0,1
"Young & Stout, Inc.",1,0,1
"YouBite, LLC",1,0,1
"Yosemite Valley Beef Packing Co., Inc.",1,0,1
Yosemite Valley Beef Distributors,1,0,1
Yosemite Foods Inc.,1,0,1
Yorks Butcher Shop,1,0,1
"Zwanenberg Food Group (USA), Inc.",1,0,1
Zuppardi's Frozen Foods,1,0,1
Zummo Meat Co.,1,0,1
"Wonder Meats Snyder, LLC",1,0,1
"Woody's Oasis Mediterranean, LLC",1,0,1
Woodson County Prime Meats Pro,1,0,1
"Woods Smoked Meats, Inc.",1,0,1
"Woodland Bison, Inc.",1,0,1
"Wood's Meat Processing, Inc.",1,0,1
"Wong's Meat Market Holdings, LLC",1,0,1
Wonder Meats Inc.,1,0,1
"Zrile Bros. Packing Co.,Inc",1,0,1
"Wonder Group, Inc.",1,0,1
"Wonder Group, Inc",1,0,1
"Wolfson Casing Corp, DBA DCW Casing, LLC",1,0,1
Wohrle's Inc.,1,0,1
Wise Meat Packing,1,0,1
Wisdom Natural Poultry,1,0,1
Woolery Enterprises Inc.,1,0,1
Wordens Meat,1,0,1
World Casing Corporation,1,0,1
Winter Sausage Manufacturing Company Inc.,1,0,1
Yaong Corporation Rem Center Warehouse,1,0,1
Ye Olde Butcher Shoppe,1,0,1
"Zalack's Flint Provision, Inc.",1,0,1
"Zankou Enterprises, Inc.",1,0,1
Zarate Foods Inc.,1,0,1
Zazules Investment LLC,1,0,1
"Zenner's Quality Meat Products, Inc.",1,0,1
"Zetlian Bakery, Inc",1,0,1
"Zick's Specialty Meats, Inc.",1,0,1
Zimmerman Meats,1,0,1
Zollinger Cold Storage Corporation,1,0,1
Zonin's Meats Inc.,1,0,1
Zook's Homemade Chicken Pies LLC,1,0,1
Viet Huong LLC,1,0,1
Venice Bakery,1,0,1
Samossa Bites,1,0,1
Waldron Custom Meats,1,0,1
Wallace Foods,1,0,1
Wall Meats Rapid,1,0,1
Walker's Food Products Co.,1,0,1
"Walker Meats, Inc.",1,0,1
"Walker Foods, Inc.",1,0,1
Walke Brothers Meat Processing,1,0,1
"Waldo Pizza Waldo, LLC",1,0,1
"WJ Wainright and Son, Inc",1,0,1
Wakou USA Inc.,1,0,1
Wailua Meat Company LLC,1,0,1
Wahoo Locker LLC,1,0,1
"Wagner Provision Co., Inc.",1,0,1
"Wagner Meats, LLC.",1,0,1
"Wabash Valley Produce, Inc.",1,0,1
Walnut Valley Packing LLC,1,0,1
Washington Lamb Inc,1,0,1
Wabash Poultry Processing,1,0,1
Weichsel Beef Company,1,0,1
"Welch's Country Smokehouse, LLC",1,0,1
"Weiyee Foods Co., Inc.",1,0,1
Weiss Brothers Inc.,1,0,1
Weis Market's Inc,1,0,1
Weimer Meats,1,0,1
Weidner's Deli / Genuine Jerky Inc.,1,0,1
Weichsel Beef Co. Inc.,1,0,1
"Wassler Meats, Inc",1,0,1
"Wei-Chuan USA, Inc.",1,0,1
Wei-Chaun U.S.A. Inc,1,0,1
"Wei Ming USA, Inc.",1,0,1
Wehry's TT&A Quality Meats,1,0,1
Wegmans Food Markets,1,0,1
"Webster City Custom Meats, Inc.",1,0,1
"Wabash Valley Foods, LLC.",1,0,1
WURST MACHERS LLC,1,0,1
Velmar Foods,1,0,1
Tall Hat Foods,1,0,1
"WanRong Trading Corp., DBA Taihe Trading Corp.",1,0,1
"Wampler's Farm Sausage Company, Inc.",1,0,1
Walton & Post Inc.,1,0,1
Waltkoch Ltd,1,0,1
Waltkoch LTD,1,0,1
Tam Bien Wholesale Corp.,1,0,1
Samak Smokehouse,1,0,1
"Wanchese Fish Company, Inc.",1,0,1
San Francisco Soup Company,1,0,1
"San Francisco Foods, LLC",1,0,1
San Culinary,1,0,1
San Antonio Packing Company,1,0,1
"Samuel Holmes, Inc.",1,0,1
Samthong Meat Market,1,0,1
Wanchese Fish Company,1,0,1
"Wang Cai Enterprise, Inc.",1,0,1
WRJ Meats and Custom Cuts,1,0,1
Waseca Morgans Meat Market LLC,1,0,1
Walls Gourmet Foods LLC,1,0,1
Walsh Packing Company,1,0,1
Washington County Meat Packing,1,0,1
"Walt's Wholesale Meats, Inc.",1,0,1
"Washington Beef, LLC",1,0,1
Washington Avenue Poultry,1,0,1
"Wasatch Meats, Inc.",1,0,1
"Wang Jar Food, LLC",1,0,1
"Warwick Poultry Co., Inc.",1,0,1
Warsaw Packing Co.,1,0,1
Warner Locker Inc.,1,0,1
"Warabeya U.S.A., Inc.",1,0,1
"Warabeya North America, Inc",1,0,1
Wang Shi Corporation,1,0,1
Well Luck Co,1,0,1
"Well Luck Co., Inc.",1,0,1
Wells Processing Plant,1,0,1
Victor Provisions,1,0,1
"Verde Farms, LLC",1,0,1
"Vergos International Products, Inc",1,0,1
Vida Meat Company,1,0,1
Victoria's Catering,1,0,1
Victoria Livestock,1,0,1
Victor's Market Co Inc,1,0,1
Vicolo Wholesale,1,0,1
"Valley Foods, Inc",1,0,1
"Vicky Enterprises, Inc.",1,0,1
Vesar Foods LLC,1,0,1
Very Tasty LLC,1,0,1
Very Good Meat Company,1,0,1
"Vertical Cold Storage, llc",1,0,1
"Verschoor Meats, Inc.",1,0,1
Ventura Foods LLC,1,0,1
Valley Meat & Food LLC,1,0,1
"Wells, Jenkins & Wells",1,0,1
"Van Oriental Food, Inc.",1,0,1
Vazquez Foods Inc.,1,0,1
Variety Meat Company,1,0,1
"Vanguard Culinary Group, Ltd.",1,0,1
Vanacor Sea Food LLC,1,0,1
"Van-Lang Enterprises, Inc.",1,0,1
"Van-G Trucking, Inc.",1,0,1
"Van Hessen USA, Inc.",1,0,1
Valley Meat Packing Corp.,1,0,1
Van Hessen USA Inc.,1,0,1
"Van Buren Cold Storage, LLC",1,0,1
Value Meats,1,0,1
Value Added Food Group,1,0,1
Valley Meats LLC,1,0,1
Valley Meat Supply,1,0,1
"Versacold Texas, LP",1,0,1
Vernon Central Logistics,1,0,1
Vermont's Farmhouse Jerky Co.,1,0,1
Waterloo Poultry Processing LLC,1,0,1
"Wayne Farms, LLC",1,0,1
Wayguud Custom Meat LLC,1,0,1
Wausa Lockers Inc.,1,0,1
Watson Farms Meat Processing and Market LLc,1,0,1
Watkins Ranch Butcher Shop,1,0,1
Watkins Custom Meats,1,0,1
"Water Lilies Food, LLC",1,0,1
Vermont Salumi,1,0,1
Watauga Meats and Butchery,1,0,1
Weaver Meats Inc,1,0,1
Webermans,1,0,1
Washington State University,1,0,1
Webers Quality Meats,1,0,1
Weltin Meat Packing Inc.,1,0,1
Wayne Mays Meat Processing,1,0,1
Wayne Meat Corporation,1,0,1
Wayne Nell & Sons Meats Inc.,1,0,1
"Wayne Provisions Company, Inc.",1,0,1
Wayne's Country Hams,1,0,1
We Ar Gourmet,1,0,1
We Pack - North Carolina,1,0,1
We Pack Logistics,1,0,1
We're The Wurst,1,0,1
Weaver Meat Processing LLC,1,0,1
"Webb Properties, LLC",1,0,1
WING Y Meats Inc.,1,0,1
"WILLOW TREE POULTRY FARM, INC.",1,0,1
"WILD Flavors, Inc.",1,0,1
Vermont Beef Jerky Co.,1,0,1
Vermont Livestock Slaughter & Processing Co. LLC,1,0,1
Vermont Packinghouse LLC,1,0,1
Miesfeld's Market,1,0,1
Miiller's Llano Smokehouse and Mercantile,1,0,1
"Mikailian Meat Products, Inc.",1,0,1
"Poultry Products of Manchester, LLC, DBA Prime Source Foods",1,0,1
"Processors, L.L.C.",1,0,1
Produce Innovations,1,0,1
Powell Meat Company LLC,1,0,1
Producers Meat & Provision,1,0,1
"Poultry USA, Inc.",1,0,1
Producers Partnership,1,0,1
Poultry Processing of Atlanta,1,0,1
"Portillo's Hot Dogs, LLC.D/B/A Portillo's Food Service, LLC",1,0,1
Potts Family Meats,1,0,1
Pott's Meats,1,0,1
Productos Dany Inc.,1,0,1
Positive Food Co.,1,0,1
Productos El Jibarito,1,0,1
"Productos La Aguadillana, Inc.",1,0,1
Prairie Harvest Ltd,1,0,1
Premier Meat Processing LLC,1,0,1
"Praire Meats, LLC",1,0,1
Pride Enterprise - Food Division,1,0,1
"Prime Food Processing, LLC",1,0,1
Primal Custom Cutting LLC,1,0,1
Prima Sausage Co Inc,1,0,1
Pride of Iowa,1,0,1
Prime Foods,1,0,1
Pride Enterprise Food Products,1,0,1
PriceSmart,1,0,1
"Premier Refrigerated Warehouse, LLC",1,0,1
"Price Smart, Inc.",1,0,1
Preston St. Poultry,1,0,1
Presto Foods Corp.,1,0,1
"Prestige Farms, Inc.",1,0,1
Prestige Farms,1,0,1
"Prestage Foods, Inc.",1,0,1
"Portillo's Hot Dogs, LLC.D\B\A Portillo's Food Service, LLC.",1,0,1
Prairie Meats LLC,1,0,1
"Quality Sausage QOZ, LLC",1,0,1
Pearl River Foods,1,0,1
"Quirch Foods Southeast, LLC",1,0,1
Quality Pork International Inc.,1,0,1
Pede Brothers Incorporated,1,0,1
Quality Pork International Inc. - West Point,1,0,1
Peco Foods of Mississippi,1,0,1
Pearson Foods Corporation,1,0,1
"Quality Pork Processors, Inc.",1,0,1
Pilgrim's Pride Distribution Center,1,0,1
"Quality Poultry & Seafood, Inc.",1,0,1
Quality Refrigerated Services,1,0,1
"Quality Refrigerated Services, Inc.",1,0,1
"Peachey Foods & Locker, LLC",1,0,1
Peach State Kitchen,1,0,1
"Quality Sausage Company, LLC",1,0,1
"Pulmuone Foods USA, Inc.",1,0,1
"Prairie Meats, Inc.",1,0,1
Premier Freeze Dry,1,0,1
"Preferred Freezer Servces of Philadelphia, LLC",1,0,1
Processadora La Esperanza Inc.,1,0,1
Premier Foods,1,0,1
"Premier Distribution Center, LLC",1,0,1
Premier Custom Foods,1,0,1
Prejean's Wholesale Meats Inc.,1,0,1
"Preferred Freezer of Elizabeth, LLC",1,0,1
"Procesadora La Hacienda, Inc.",1,0,1
Prairie Smokehouse Partners,1,0,1
Preferred Beef Group,1,0,1
"Prefco Distribution, LLC",1,0,1
Praters Foods,1,0,1
Prasek's Hillje Smokehouse Inc.,1,0,1
Prasek's Hillje Smokehouse,1,0,1
Procesos Boricuas Inc.,1,0,1
Prime Country Meats,1,0,1
"Prime Foods, Inc.",1,0,1
ProEx International Inc.,1,0,1
Pimax,1,0,1
Pine Manor Inc.,1,0,1
Pine Creek Processing LLC,1,0,1
"Pinata Foods, Inc.",1,0,1
"Puget Sound Processing, LLC",1,0,1
Pulama Lanai,1,0,1
Pimento's Foods Inc.,1,0,1
Pulaski County Breaker Plant,1,0,1
Pudliner Packing,1,0,1
Pilot Water Tower Cold Storage,1,0,1
Pulaski Meat Products Company Inc.,1,0,1
Pinn-Oak Ridge Farm LLC,1,0,1
"Publix Supermarkets, Inc., Deli Plant",1,0,1
Plantation Processing LLC,1,0,1
"Pioneer Meats, Inc.",1,0,1
Puerto Rico Pork Products,1,0,1
Pine Valley Ranch LLC,1,0,1
"Prime Foods, LLC",1,0,1
Progressive Distributors USA LLC,1,0,1
Profile Food Ingredients,1,0,1
"Porkie Co. Of Wis., Inc.",1,0,1
"Pork King Sausage, Inc.",1,0,1
"Pork King Packing, Inc.",1,0,1
"Pork Dynasty, Inc.",1,0,1
Porcy Special Foods,1,0,1
Porch Swing Farms,1,0,1
Pineland Farms Natural Meats,1,0,1
Pontrelli & Laricchia LLC,1,0,1
Protenergy-Bay Valley Foods,1,0,1
Plath's Meats Inc.,1,0,1
Porter Road Butcher Meat Company,1,0,1
Pinnacle Foods Co.,1,0,1
Pinellas Provision Corporation,1,0,1
Plano Jerky,1,0,1
Provident Meat Company,1,0,1
"Planit Eats, Inc.",1,0,1
Prime Snax Inc.,1,0,1
Prime Line Distributors Inc.,1,0,1
Prime Line Inc,1,0,1
"Premium Meats, Inc.",1,0,1
Prime Meats LLC,1,0,1
"Premium Iowa Pork, LLC",1,0,1
Premium Foods LLC,1,0,1
"Primo Smokehouse & Kitchen, LLC",1,0,1
"Provimi de Puerto Rico, Inc.",1,0,1
Prism Team Services,1,0,1
"Pritzlaff Wholesale Meats, LLC",1,0,1
Premium California Foods,1,0,1
Premio Foods Inc.,1,0,1
Premiere Brand Meats,1,0,1
Pressery LLC,1,0,1
"Premium Minnesota Pork, LLC",1,0,1
"Premium Purveyors of Fine Meats, LLC",1,0,1
Pressure Safe LLC,1,0,1
Pulmuone Foods USA Inc.,1,0,1
Portesi Italian Foods Inc.,1,0,1
Productos La Finca Inc.,1,0,1
"Pioneer Packing Company, Inc.",1,0,1
Pioneer Wholesale Meat,1,0,1
"Pruski's Market, Inc.",1,0,1
Pitcock Meat Processing Inc.,1,0,1
Pitman Farms,1,0,1
Pitman Farms Inc. (Moroni Turkey Processing),1,0,1
Pitman Farms Inc. (Salina Processing Plant),1,0,1
Pizza John's Wholesale LLC,1,0,1
"Proviso Pizza Company, LLC",1,0,1
Pizzacini CORP,1,0,1
Plains Meat Co. LTD,1,0,1
Peabody Sausage House,1,0,1
"Quality Snack Foods, Inc.",1,0,1
Port Oram Foods Inc.,1,0,1
"Pepe's, Inc.",1,0,1
Picciocchi's Pasta,1,0,1
Peter's Wholesale Meat Corporation,1,0,1
"Perry Way Foods, LLC",1,0,1
Penn's Hams,1,0,1
Percival Packing L.L.C.,1,0,1
"Pepsico Caribbean, Inc.",1,0,1
Quality Foods From The Sea,1,0,1
Picone Meat Specialties LTD,1,0,1
Quality Halal Processors,1,0,1
Pep's Pizza Company LLC,1,0,1
"Peoria Packing, Ltd.",1,0,1
Peoria Packing LTD,1,0,1
"People's Sausage Company, Inc.",1,0,1
People's Meats LLC,1,0,1
"Piccolo Kitchen, LLC",1,0,1
Purchase Order of Miami Inc.,1,0,1
Penny Jo's Market,1,0,1
Punto Rojo Empanadas Corp.,1,0,1
"QBANS, CORP",1,0,1
Pure Country Harvest LLC,1,0,1
"Piazza's Seafood World, LLC",1,0,1
"Piccinini Brothers, Inc",1,0,1
"Pikalo Foods, LLC",1,0,1
"Punahele Jerky Company, Inc.",1,0,1
"Pupusas San Miguel, LLC",1,0,1
"Picoso Foods, LLC",1,0,1
"Pietz's Kuchen Kitchen and Specialties, LLP",1,0,1
Pies of London,1,0,1
Pies & Sides,1,0,1
"Pierino Frozen Foods, Inc.",1,0,1
"Pier Fish Co., Inc.",1,0,1
Piedmont BBQ Company LLC,1,0,1
Pensieve Foods - Honeydukes,1,0,1
"Quality Meat, Inc.",1,0,1
"Pederson Natural Farms, Inc.",1,0,1
Martinez Distributors,1,0,1
"Pig Rock Sausages, LLC",1,0,1
Nichirei Sacramento Foods Corporation,1,0,1
"ONN Specialties, Inc.",1,0,1
"Marwest, LLC",1,0,1
Marvel International inc,1,0,1
Martinous Produce Company Inc.,1,0,1
Martin's Specialty Sausage Company Inc.,1,0,1
Quaker Valley Foods Int'l,1,0,1
"Martin's Pork Products, Inc.",1,0,1
"Martin Rosol's, Inc.",1,0,1
"Martin Foods, L.P.",1,0,1
Marshall Egg Products Company,1,0,1
"Marquez Brothers International, Inc.",1,0,1
"Marquez Brothers Internationa, Inc.",1,0,1
"Quality Custom Meats, LLC",1,0,1
Quaker Maid Meats Inc.,1,0,1
Pennsylvania Packinghouse,1,0,1
"Perham Egg, LLC",1,0,1
Perdido River Meats LLC,1,0,1
Quality Cut Meats,1,0,1
QC Poultry,1,0,1
"Perdue Foods, LLC Replenishment Center",1,0,1
"QF Southeast, LLC",1,0,1
Perrulli's Custom Meats Inc.,1,0,1
"QF Southeast, LLC with DBAs as Quirch and Phoenix Logistics",1,0,1
Quaker Maid Meats,1,0,1
"Performance Food Group, Inc.",1,0,1
"QUALITY FOOD DISTRIBUTOR, INC.",1,0,1
Perfecto Foods Inc.,1,0,1
QUICK FOOD WRAPS L.L.C.,1,0,1
QbarS Custom Meats,1,0,1
Quail International Inc.,1,0,1
Q'Delicia LLC,1,0,1
Pyramid Trading LLC,1,0,1
Puro Alentejano Iberian Hog Corp,1,0,1
Pasty Central LLC,1,0,1
"Queen City Fresh Foods, LLC",1,0,1
Penn State Meat Lab,1,0,1
Pat's Wholesale Meat & Pizza Supply,1,0,1
Quintero's Meat Co. Inc.,1,0,1
"Quirch Foods California, LLC",1,0,1
Pat's Pastured,1,0,1
"Quirch Foods Carribean, Inc.",1,0,1
Peer Foods - Edinburgh,1,0,1
Pasture Raised Foods LLC,1,0,1
Quirch Foods Co.,1,0,1
Quirch Foods Company,1,0,1
Quirch Foods Florida LLC,1,0,1
Pasta-Bilities,1,0,1
Pasta Mami,1,0,1
Quality Steak Inc.,1,0,1
Quality Meats and Seafood,1,0,1
Petty Brothers Meats Inc.,1,0,1
Pelmeni Princess,1,0,1
"Pederson's Natural Farms, INC.",1,0,1
Quapaw Food Services Authority,1,0,1
Pedro's Foods LLC,1,0,1
Quality Meats Processors,1,0,1
"Pender Packing Company, Inc.",1,0,1
"Penaloza's Food, Inc.",1,0,1
Pelleh Poultry Corp.,1,0,1
Peer and Mariah Foods,1,0,1
"Pellegrino Food Products Co., Inc.",1,0,1
Pelkins Smokey Meat Market,1,0,1
Pel`Meni Inc.,1,0,1
Quality Meats and Culinary Specialties,1,0,1
"Pel-Freez, LLC",1,0,1
Peking Food LLC,1,0,1
Pasta Il Cuoco Inc,1,0,1
Pasta Acquisition LLC,1,0,1
"Quincy Street, Inc.",1,0,1
"Philly's Best Steak Company, Inc.",1,0,1
Peninsula Foodservice,1,0,1
"Penn Valley Meats, LLC",1,0,1
Pilgrim's Pride Corp of WV,1,0,1
"Piazza Produce LLC, d/b/a Cibus Fresh",1,0,1
"Phu Huong Food Company, Inc.",1,0,1
"Pure Pasture Packing, LLC",1,0,1
"Philly's Best Steak Co., Inc.",1,0,1
Patagonia Flavors,1,0,1
Phillips Processing Plant,1,0,1
"Phillips Brothers Country Hams, Inc.",1,0,1
Philadelphia Poultry Incorporated,1,0,1
Phil's Farm,1,0,1
Phayvanh Food Corporation,1,0,1
Purely Meat Purveyors LLC.,1,0,1
"Prime Food Distributor, Inc.",1,0,1
"Patla Enterprises, Inc.",1,0,1
"Patriot Jerky, LLC",1,0,1
Patriot Meat Processing,1,0,1
"Patterson TMP Operating, LLC",1,0,1
"Patterson's Butcher Shop, LLC",1,0,1
Quentin Meat Inc.,1,0,1
"Queen City Sausage & Provision, Inc",1,0,1
Patton Warehousing LLC,1,0,1
"Patton's Sausage Company, Inc.",1,0,1
Patty Pan Cooperative,1,0,1
"Paulsen Foods, LLC",1,0,1
Paumie's Porkies,1,0,1
"Paxos Foods, LLC",1,0,1
Payco Foods Corporation,1,0,1
Quick Pick Express,1,0,1
Queen City Meats & Butcher Shop Inc.,1,0,1
"Port Logistics Terminal Operations, LLC",1,0,1
Port of Palm Cold Storage Inc.,1,0,1
"Milan Provision Co., Inc.",1,0,1
Palenque Provision Corp.,1,0,1
Pak Quality Foods LLC,1,0,1
"Pak Quality Foods, L.P.",1,0,1
Palace Meat Company Inc.,1,0,1
Palama Holdings LLC,1,0,1
"ROMA SAUSAGE, INC.",1,0,1
"Palama Holdings, LLC",1,0,1
Paradox Foods LLC,1,0,1
Paramount Export,1,0,1
"Paleovalley, LLC",1,0,1
"RMH Foods, LLC",1,0,1
"Palermo Villa, Inc.",1,0,1
Paradise Market,1,0,1
Palermo's Villa Inc.,1,0,1
Palmer Farms Meats,1,0,1
Padrino Foods LLC,1,0,1
Papis Cuban Grill Commissary,1,0,1
Palmetto Fresh Meats,1,0,1
RG Exports LLC,1,0,1
"Panorama Wellness Production, LLC",1,0,1
Pap's Processing LLC,1,0,1
Papa Cantella's Inc,1,0,1
Papa Charlie's,1,0,1
RH Meat Company,1,0,1
RC Fine Foods,1,0,1
"RCF, LLC dba Gemstone Foods, LLC",1,0,1
Pampanga Food Co. Inc.,1,0,1
Papa Pasquale Ravioli and Pasta Company,1,0,1
"RCG Foods of Texas, Inc.",1,0,1
"RED'S ALL NATURAL, LLC.",1,0,1
Papa John Food Service,1,0,1
"Panapastry, LLC.",1,0,1
Pampanga Food Company,1,0,1
Palmer Food Service,1,0,1
"Palmetto Pigeon Plant, Inc.",1,0,1
"Orchard Sausages, Inc.",1,0,1
One Sixty Processing,1,0,1
"Omaha Halal Live Market, Inc.",1,0,1
Omaha Beef Company Inc.,1,0,1
"Olympic Gold Meats, Inc.",1,0,1
"Olympia Food Industries, Inc.",1,0,1
Olson Meat Plant,1,0,1
Olsen Farms Meats,1,0,1
Ranchers Processing Inc.,1,0,1
Omaha Steaks International,1,0,1
One World Beef Packers,1,0,1
One World Specialties,1,0,1
Oriental Kitchen Corporation,1,0,1
"Oriental Delight, LLC",1,0,1
"Oregon Freeze Dry, Inc.",1,0,1
Oregon Beef Co.,1,0,1
"Olive & Finch Comm, LLC",1,0,1
Omaha Steaks International Inc.,1,0,1
Palmyra Bologna Company,1,0,1
Prime Food Inc.,1,0,1
"Palmyra Bologna Company, Inc.",1,0,1
"RLS Cold Storage, Inc.",1,0,1
Paloma Mexican Foods Corporation,1,0,1
Palos Garza Forwarding,1,0,1
"Palos Garza Forwarding, LLC",1,0,1
Palumbo's Meat Market,1,0,1
"PORTION MEAT ASSOCIATION, INC.",1,0,1
Randall Bakery,1,0,1
"Randall Meat Company, Inc.",1,0,1
On On Food Company,1,0,1
Ranchers' Best Meats,1,0,1
"Omni Custom Meats, Inc.",1,0,1
Ranchland Packing Co.,1,0,1
"Omaha Variety Meats, LLC",1,0,1
Padovani LLC,1,0,1
Panola County Processing LLC,1,0,1
"RBR Meat Co., Inc.",1,0,1
Parker House Sausage Company,1,0,1
"Pacific Transload Systems DBA Pacific Coast Container, Inc.",1,0,1
"R. Walters, LLC, DBA Elevation Foods",1,0,1
"Packer Avenue Foods, Inc",1,0,1
R. Whittingham & Sons,1,0,1
"Pacific Prime Meats, LLC",1,0,1
RSF Inc. dba FreezPak Logistics,1,0,1
RYC Foods,1,0,1
Parillo Sausage,1,0,1
"PRESTAGE FOODS of SC, LLC",1,0,1
"R & G Fine Foods, Inc.",1,0,1
PREVITES MEATS AND PROVISIONS,1,0,1
Rabe's Quality Meat Inc.,1,0,1
R & R Provision Company Inc.,1,0,1
PRG Packing Corp.,1,0,1
"Parayil Foods USA, LLC",1,0,1
R. L. Schreiber Inc.,1,0,1
"RHOSEY LLC   Rhosey, LLC",1,0,1
Parker County Beef Company Processing,1,0,1
R and D Meats,1,0,1
RRT Distributors Coporation,1,0,1
R&R Quality Meat Inc.,1,0,1
RSF Inc. DBA FreezPak Logistics,1,0,1
Park Ranch Meats LLC.,1,0,1
"RSF Inc. ""DBA"" Freezpak Logistics",1,0,1
RF Acquisition Corp.,1,0,1
Parish Meat Processing LLC,1,0,1
"Pacific Seafood - Sacramento, LLC",1,0,1
Pacific Sausages Co. Inc.,1,0,1
RSF Inc. DBA Freezpak Logistics,1,0,1
"R-C Ranch Texas Craft Meats, LLC",1,0,1
Pacific Transload Systems,1,0,1
RRR Meat Processing,1,0,1
Pasha USA LLC,1,0,1
"Pacific Agri - Products, Inc.",1,0,1
R & V Products Distributors Inc.,1,0,1
Panhandle State University,1,0,1
"ROYAL POULTRY, INC.",1,0,1
Paramount Export Co.,1,0,1
"RC Acquisition LLC ""dba"" Roma Sausage Company",1,0,1
Pane Vita LLC,1,0,1
Panhandle Food Sales Inc.,1,0,1
Papineau Locker,1,0,1
R.C. Provisions Inc.,1,0,1
Raandom Corp.,1,0,1
"RALPH & PAUL ADAMS, INC.",1,0,1
"RLS Cold Storage of Pittston PA., Inc.",1,0,1
Panizzera Meat Co.,1,0,1
Panna Manufacturing LLC,1,0,1
RANTOUL INVESTMENTS,1,0,1
RI Provision Co.,1,0,1
Paden Cold Inc.,1,0,1
"Parks Family Meats, LLC",1,0,1
"Paden Cold, Inc.",1,0,1
Pacific Fresh Premium Meat,1,0,1
Pacific Fresh Cold Storage,1,0,1
Pacific Coast Meat Inc.,1,0,1
Pacific Coast Fruit,1,0,1
Parma Sausage Products Inc,1,0,1
Pascucci Family Pasta,1,0,1
Pacific Coast Containers,1,0,1
"RSF, Inc., DBA FreezPak Logistics",1,0,1
Pacific Coast Container,1,0,1
RUMBLEWAY FARM,1,0,1
Pacific Grocers,1,0,1
R M Felt's Packing Company,1,0,1
"RYC Foods, LLC",1,0,1
"RYZ, Inc.",1,0,1
Orefield Cold Storage,1,0,1
Orange Custom Game Processing,1,0,1
Productos La Hortaliza,1,0,1
Ramona's Food Group,1,0,1
Ortega's Meat Distribution,1,0,1
"Orlando Provisions, LLC",1,0,1
Owasco Meat Company,1,0,1
"Orion Food Systems, LLC",1,0,1
Orion Food Systems,1,0,1
Original Fried Pies,1,0,1
Rana Meal Solutions,1,0,1
Oscar's Foods,1,0,1
"Rana Meal Solutions, LLC",1,0,1
Ossian Packing Co. Inc.,1,0,1
Osteen Meat Service Inc.,1,0,1
Ram Country Meats,1,0,1
Ostrowski's of Bank St.,1,0,1
"Ovid Meat Co., LLC",1,0,1
"Ramarc Foods, Inc.",1,0,1
Oscar's Hickory House Inc.,1,0,1
Raleigh Tamales LLC,1,0,1
"PERMAFROST WAREHOUSING, INC",1,0,1
PFG Hale,1,0,1
"Rafka Foods, Inc.",1,0,1
"PF Meats Company, Inc.",1,0,1
PF Meats Company,1,0,1
"Ragozzino Foods, Inc",1,0,1
Pasquale's Food Service Inc.,1,0,1
"PERDUE FOODS, LLC.",1,0,1
Oscar's Meats,1,0,1
"Rajbhog Foods (NJ), Inc.",1,0,1
Oxford Packing LLC,1,0,1
"Ranch House Meat Company, LLC",1,0,1
Ornna Brazilian Sausage Corp.,1,0,1
Oskaloosa Food Products Corp.,1,0,1
"Osceola Food, LLC",1,0,1
Oversea Dewied International LLC,1,0,1
"Outlook Group, LLC",1,0,1
Rancher's US OP LLC,1,0,1
Prosperity Foodservice Group LLC,1,0,1
Poche's,1,0,1
"Promo International, Inc.",1,0,1
Plymouth Poultry Co.,1,0,1
Pronto Express 107,1,0,1
"Plymouth Meats, LLC",1,0,1
"Plymouth Beef Company, Inc.",1,0,1
"Plenus Group, Inc.",1,0,1
"Progressive Processing, LLC",1,0,1
"Protein Provisioners, LLC",1,0,1
Politis Specialty Foods LLC,1,0,1
Ponderosa Meat Co.,1,0,1
"Provena Foods, Inc.",1,0,1
Progressive Food Products,1,0,1
Port of Wilmington Cold Storage,1,0,1
Project Meats LLC,1,0,1
Pocino Foods,1,0,1
Outback Premium Meats LLC,1,0,1
"Ralphs Ranches, Inc.",1,0,1
"Out of the Shell, LLC.",1,0,1
Out of the Shell dba Yangs or Lings,1,0,1
Out of the Shell LLC.,1,0,1
Ralex International Corp.,1,0,1
Out Of The Shell,1,0,1
Ralph's Packing Company,1,0,1
Otto's Poultry Inc.,1,0,1
Pohlmans Meat Processing Plant,1,0,1
"Otto's Meats, LLC",1,0,1
"Pasou Foods, Inc.",1,0,1
Patak Meat Products Inc.,1,0,1
Pasqualichio Bros. Inc.,1,0,1
"Polk's Meat Products, Inc.",1,0,1
Polidori Meat Processors Inc.,1,0,1
PFG Virginia Foodservice,1,0,1
PFG-Empire,1,0,1
PG Distribution LLC,1,0,1
"Oaks Poultry Co., Inc.",1,0,1
Old World Provisions Inc.,1,0,1
Oberle Meats,1,0,1
"Rath, Inc.",1,0,1
"Obalende Food, LLC",1,0,1
"Oasis Seafood, Inc.",1,0,1
Rava Forwarding Inc.,1,0,1
"OWP Boston, LLC",1,0,1
"Off The Dock Seafood, LLC",1,0,1
Okeechobee Fish Co LLC,1,0,1
"Rashbe Holdings, Inc.",1,0,1
Oklahoma City Meat Company,1,0,1
Rase Forwarding LLC,1,0,1
"Randolph Packing Co., Inc.",1,0,1
Randolph Packing Company,1,0,1
Rastelli's Export,1,0,1
Off the Rail Butchery,1,0,1
Rachel's Table,1,0,1
One90BBQ LLC,1,0,1
Optimus d.b.a. Marky's,1,0,1
"Opportunities, Inc. of Jefferson County",1,0,1
"Opportunities, Inc.",1,0,1
"Open Range Beef, LLC",1,0,1
Onofrio's Fresh Cut Inc.,1,0,1
Onion Crock of Michigan,1,0,1
Oliveros Distribution Commissary,1,0,1
"Ogden Foods, LLC",1,0,1
"Olde Tyme Meats, LLC",1,0,1
"Rancher's Pride Meats, Inc.",1,0,1
Odenthal Meats Inc.,1,0,1
Rastelli,1,0,1
Ohio Farms Packing Co. Ltd.,1,0,1
Ohanyan's Inc.,1,0,1
Old World Meat,1,0,1
"Old Wisconsin Sausage, Inc.",1,0,1
Old Wisconsin Sausage Co. Inc.,1,0,1
Rainbow Packing Inc.,1,0,1
P&S Ravioli,1,0,1
Oxford Trading,1,0,1
"P&S Bakery, Inc",1,0,1
"P&F Meat Market ""DBA"" MeatCrafters",1,0,1
P & J Meat Market Corp,1,0,1
"Ozark Mountain Poultry, Inc.",1,0,1
Ozark Mountain Poultry Inc.,1,0,1
"Old Wisconsin Food Products, Inc.",1,0,1
"Ragozzino Foods, Inc.",1,0,1
PEN LLC,1,0,1
PERDUE FOODS LLC,1,0,1
PNJ Sausage Hawaii Corporation,1,0,1
"PJ Food Service, Inc.",1,0,1
Rachael's Food Corporation,1,0,1
Rainbow Organic Farms Co.,1,0,1
P.E. & F Inc. DBA DiMare's Specialty Foods,1,0,1
P.G. Molinari & Sons Inc.,1,0,1
P.S.Thai LLC,1,0,1
P3 Custom Meats LLC,1,0,1
"PBJ, Inc.",1,0,1
Rail 19,1,0,1
P&Z Fine Foods LLC,1,0,1
PNW Veg Co LLC,1,0,1
Ranch House Snacks,1,0,1
Origami Catering,1,0,1
Rantoul Foods LLC dba Agar Foods LLC,1,0,1
Old Fashion Country Butcher,1,0,1
"Old Fashioned Foods, Inc.",1,0,1
"Old North State Artisans, LLC.",1,0,1
"Old Santa Fe Trail, Inc.",1,0,1
"Randy's Foods, LLC",1,0,1
"Marne Specialties and Meats, LLC",1,0,1
"Marksbury Farm Foods, LLC",1,0,1
Marks Meat Inc.,1,0,1
"New York Beef Company, LLC",1,0,1
"Newport Meat Northern California, Inc.",1,0,1
Newburgh Egg Corp,1,0,1
NewCold,1,0,1
"New York Meat, Inc.",1,0,1
New York Meat and Fish Market,1,0,1
"New York Food Service, Inc.",1,0,1
New XO Market/Wholesale,1,0,1
"Newport Meat Southern California, Inc.",1,0,1
"New World Services, Inc.",1,0,1
New Temple Meat Co.,1,0,1
"New Specialty Products, Inc.",1,0,1
New Braunfels Smokehouse,1,0,1
"New Angus, LLC",1,0,1
"Nana's Original Stromboli, Inc.",1,0,1
Newport Meat Pacific Northwest,1,0,1
Newport Meat of Nevada,1,0,1
"National Steak Processors (2024), LLC.",1,0,1
New Century Food Corporation,1,0,1
New Geneva Meats & Processing Inc.,1,0,1
"New England Wagyu, LLC",1,0,1
"New England Meat Packing, LLC",1,0,1
"New England Charcuterie, LLC",1,0,1
"New Day Farms, LLC - Farm 3",1,0,1
New Cheung's Meat Wholesale In,1,0,1
New Orleans Cold Storage & Warehouse Company Ltd.,1,0,1
Ngo Big LLC,1,0,1
"New S & N Meat Market, Inc",1,0,1
"New Boston Meats Co., Inc.",1,0,1
"New S.B.L., Inc.",1,0,1
Nibai Inc.,1,0,1
"Niagara Specialty Foods, Inc.",1,0,1
"Niagara Food Specialties USA, Inc.",1,0,1
Natural State Processing,1,0,1
National Packing FL Inc.,1,0,1
"Negril, Inc.",1,0,1
Nestle R&D Center Inc.,1,0,1
Nettles Sausage Inc,1,0,1
Natures Way Food Corp,1,0,1
Nettles Beef Processing Inc.,1,0,1
Nether's Pork Skins Inc.,1,0,1
Nestle USA. INC.,1,0,1
"Nestle USA - Prepared Foods Division, Inc.",1,0,1
Nestle Professional North America,1,0,1
"NationsMarket, LLC",1,0,1
Nestle Professional,1,0,1
Nestle Distribution Company,1,0,1
Nestle Culinary Innovation Center,1,0,1
Neptune Cold Storage,1,0,1
Nepaley LLC,1,0,1
Nello's Specialty Meats,1,0,1
Naturally New Mexico Food Products LLC,1,0,1
"Nardone Brothers Baking Company, LLC",1,0,1
National Packing Corp.,1,0,1
"National Cold Storage, Inc.",1,0,1
National Meat and Provisions,1,0,1
National Food NW LLC,1,0,1
National Distribution Center,1,0,1
National DCP,1,0,1
"National Custom Pkg., Inc.",1,0,1
"National Coney Island Chili Co., Inc.",1,0,1
National Cattle Works LLC,1,0,1
Nashville Restaurant Supply,1,0,1
National Beef Packing Food Service,1,0,1
"National Beef Packing Co., LLC",1,0,1
National Beef Packing Co.,1,0,1
"National Beef Ohio, LLC",1,0,1
Nathan's Soup & Salad,1,0,1
"Nathan & Sons, Inc.",1,0,1
New Hira Farm LLC,1,0,1
New Horizon Cuisine,1,0,1
"New Horizon Food, Inc.",1,0,1
"Love Snacks, LLC",1,0,1
"Lucia's Pizza Manufacturing, LLC",1,0,1
Luce's Maine Grown Meats,1,0,1
Lucchesi Worldwide LLC,1,0,1
LuLu Commercial Kitchen,1,0,1
Lower Foods Inc.,1,0,1
"Lovera Gro., Inc.",1,0,1
"Louisa Food Products, Inc.",1,0,1
"Luckey Hospitality, LLC",1,0,1
Louie's Meats,1,0,1
"Lou Malnati's Priority Pizza, LLC",1,0,1
Lou G Siegel,1,0,1
"Loteria Grill Restaurant Group, LLC",1,0,1
"Lot 279, LLC",1,0,1
Los Vinaleros Catering,1,0,1
Luck Nabeshima,1,0,1
Lucksen Trading Co.,1,0,1
"New Horizons Food Solutions, LLC.",1,0,1
Mad Butcher Meat Co. Inc.,1,0,1
"Magnolia Provision Co., Inc.",1,0,1
Magnolia Processing Inc,1,0,1
"Magnolia Food Co., LLC",1,0,1
"Magic Seasoning Blends, Inc.",1,0,1
"Maersk Warehousing & Distribution Services USA, LLC",1,0,1
Maersk Warehousing & Dist Srvcs USA LLC,1,0,1
Macs Meats LLC,1,0,1
MAGNOLIA BEEF HOLDINGS LLC,1,0,1
"Mack's Liver Mush, Inc.",1,0,1
Macelo Central S.E. Inc.,1,0,1
Macelo CASO COOP,1,0,1
MB Consultants LTD,1,0,1
MARYLAND CORRECTIONAL ENTERPRISES,1,0,1
"MAI'S Foods, LLC",1,0,1
Los Tres Cochinitos,1,0,1
Los Primos Meats Inc.,1,0,1
Lucky Moon Enterprises LLC,1,0,1
New Orleans Cold Storage & Warehouse Co. Ltd.,1,0,1
"Lydia's Ladle, LLC",1,0,1
Lupo's Quality Deli,1,0,1
Mickelsen Pack,1,0,1
"Mickenzie Jerky, Inc.",1,0,1
"Mickey Brown, Inc.",1,0,1
"New Orleans Cold Storage & Warehouse Company, Ltd.",1,0,1
"New Mexico's Best, LLC",1,0,1
"Lucky Pig Processing, LLC D/B/A Curtis Packing Company",1,0,1
New Mexico Mexican Foods,1,0,1
New Marco Foods Inc.,1,0,1
New Manna Food,1,0,1
New Lee's Live Poultry Market Inc.,1,0,1
"New Kingsport Provision Company, Inc.",1,0,1
"New Jersey Veal Co., Inc.",1,0,1
Lynch BBQ Company,1,0,1
"Lyons Health Labs Holdco, LLC",1,0,1
"M & C Unico, Inc.",1,0,1
M & G Meats,1,0,1
M & R Fish,1,0,1
"Luen Fung Enterprises (Saipan), Inc.",1,0,1
M & W Distribution Services,1,0,1
M&R Creole Enterprise Inc,1,0,1
M&W Beef Packers Inc.,1,0,1
M. Buono Beef Co,1,0,1
M. T.  Animal  Slaughtering Halal Meat Processing Plant,1,0,1
M.A.D. Burgers and Sausage,1,0,1
"M.C.H. Halal Meat Sales, Inc.",1,0,1
M.G. Trading Inc.,1,0,1
MABELS PLACE CORP,1,0,1
M&P Production LTD,1,0,1
Ludington Meat Company,1,0,1
Neighbors Meats LLC,1,0,1
Nebraska Cold Storage,1,0,1
Market Fish Inc.,1,0,1
"Modu Food Service, Inc.",1,0,1
Norpaco Inc.,1,0,1
"Norman W. Fries, Inc.",1,0,1
"Napoli Meat & Sausage Company Co., Inc.",1,0,1
"Nana's Kitchen, Inc.",1,0,1
Mickey's Wholesale Pizza,1,0,1
Mohn Fish Market,1,0,1
"Modesto Food Distributors, Inc.",1,0,1
North American Caviar Inc,1,0,1
"Modernist Pantry, LLC",1,0,1
"Modern Meat, Inc",1,0,1
"Modern Heritage Wholesome Foods, LLC",1,0,1
"Mockingbird Foods Group, LLC",1,0,1
Mobleys Custom Cut,1,0,1
Mo-Ark Provision Company Inc,1,0,1
"North American Bison, LLC",1,0,1
"North American Cold Storage, Inc.",1,0,1
Mitty's LLC,1,0,1
"Northern Beef Products, Inc.",1,0,1
Nordik Meats Inc,1,0,1
North State Provision,1,0,1
Northern MN Meat Co.,1,0,1
"Northern Liberties Food Processors, Inc.",1,0,1
Northern Lakes Seafd & Mts LLC,1,0,1
"Northern Culinary Brands, LLC",1,0,1
Northeast Regional Corrections Center,1,0,1
North Country Charcuterie dba Foris Extraordinary Meats,1,0,1
"Northeast Prime Veal, LLC",1,0,1
Northeast Kingdom Processing LLC,1,0,1
North Georgia Meat Company Inc.,1,0,1
Norman W. Fries,1,0,1
North Dakota State University Meat Laboratory,1,0,1
North Country Smokehouse,1,0,1
Mo's Chowder Vault,1,0,1
"Mitchell's Meat Processing, LLC.",1,0,1
Nebraska Beef Ltd.,1,0,1
"Mom's Wholesale Foods, Inc.",1,0,1
Monogram Gourmet,1,0,1
Monogram Frozen Foods,1,0,1
"Monogram Appetizers, LLC",1,0,1
Mongiello Italian Cheese Specialties,1,0,1
Mondo & Sons,1,0,1
Momence Real Estate,1,0,1
"Molokai Wildlife Management, LLC",1,0,1
Monogram Snacks,1,0,1
"Molokai Wildlife Management, INC",1,0,1
Molokai Livestock Cooperative,1,0,1
Molinas Provision,1,0,1
Missa Bay LLC,1,0,1
"Miranda Brothers, inc.",1,0,1
"Nana's Kitchen, Inc",1,0,1
"Monogram Prepared Meats, LLC",1,0,1
Montalvan's Sales,1,0,1
"Mitchell's Butchery, Inc",1,0,1
Mission Mountain Food Enterprise Center,1,0,1
"Mitchell Foods, Inc.",1,0,1
Misty Lea Farm Poultry Processing,1,0,1
Misty Knoll Farms,1,0,1
Mistica Foods,1,0,1
Missouri River Meats,1,0,1
Mississippi State University Meat Laboratory,1,0,1
Moesle Meat Distribution Co.,1,0,1
Montana Premium Processing Cooperative,1,0,1
"Moin Halal Meat, LLC",1,0,1
Miss Essies Southern BBQ LLC,1,0,1
"Moja Domacica, INC.",1,0,1
Moonlight Meat Processing Inc,1,0,1
"Montshire Packing, LLC",1,0,1
Montana Valley Hams,1,0,1
Nordic Foods Inc.,1,0,1
"Nor-Am Logistics, Inc.",1,0,1
"Night Hawk Frozen Foods, Inc.",1,0,1
"Northland Frozen Pizza, Inc.",1,0,1
"Northwest Gourmet Food Products, Inc.",1,0,1
Northwest Frozen,1,0,1
Northwest Fit Meals dba NWfitmeals,1,0,1
Northwest Arkansas Food Bank,1,0,1
"Northstar Foods, Inc.",1,0,1
Northside Noodle Co,1,0,1
NuVue Foods,1,0,1
"Northwest Premier Meats, LLC",1,0,1
Nueske Applewood Smoked Meats,1,0,1
Nicolosi Foods Inc.,1,0,1
OMH Cook Chill Production Center,1,0,1
OLLI SALUMERIA AMERICANA,1,0,1
OLD LINE CUSTOM MEAT COMPANY LLC,1,0,1
OH Grate!,1,0,1
Northwest Meat Company,1,0,1
"Northwest Premium Meats, LLC",1,0,1
Niihau Ahiu Provisions LLC,1,0,1
"Noxwell International, Inc.",1,0,1
Neal Meats LLC,1,0,1
"Nduja di Spilinga USA, LLC",1,0,1
Raw Basics LLC,1,0,1
Nicholas Meat LLC,1,0,1
"Nicola's Pasta Fresca, LLC",1,0,1
"Nuchas, LLC",1,0,1
Noxubee County Producers Inc,1,0,1
Northwestern Meat Inc,1,0,1
Nourish Kitchen LLC,1,0,1
"Noujaim's Food, LLC",1,0,1
Northwoods Locker LLC,1,0,1
"Northwoods Custom Meats, Inc.",1,0,1
"Northwood Foods, LLC",1,0,1
"Northwestern Meat, Inc.",1,0,1
OFD Foods LLC,1,0,1
"ODW Logistics, Inc.",1,0,1
O. K. Food Products,1,0,1
"Noack's Meat Products, Inc.",1,0,1
Nonna's Homestyle Foods,1,0,1
"Nom Nom Dumplings, LLC.",1,0,1
"Nodine's Smokehouse, Inc.",1,0,1
Nocona Meat Company,1,0,1
Nob Hill Pizza,1,0,1
"Noah's Ark Processors, LLC",1,0,1
"No Man's Land Foods, LLC",1,0,1
"O'Tasty Foods, Inc.",1,0,1
"Nixon Family Restaurant, Inc.",1,0,1
"Nitsche's Sausage Co., Inc.",1,0,1
Nital Trading Co. Inc,1,0,1
Nital Trading Co.,1,0,1
"Nina Mia, Inc.",1,0,1
Nilssen's Market,1,0,1
"Nor-Am Cold Storage, Inc",1,0,1
"Nor-Am Ice & Cold Storage, LLC",1,0,1
Nor-Am Logistics South LLC,1,0,1
Northern Pride Inc.,1,0,1
"Northern Pride, Inc.",1,0,1
"Northern Tier Bakery, LLC",1,0,1
"Northern Wind, LLC",1,0,1
"Nuevo Garcia Foods, LLC",1,0,1
Nuevo Mundo Foods LLC,1,0,1
Nulaid Foods Inc.,1,0,1
Nunez Foods,1,0,1
Nuniwarmiut Reindeer & Seafood Products,1,0,1
NutriFresh HPP Services LLC,1,0,1
Nutrient Lock Foods,1,0,1
"Nutrition, Inc.",1,0,1
"Nylund Food, Inc.",1,0,1
"O'Steen Meat Specialties, Inc.",1,0,1
Magong Food LLC,1,0,1
"Maid-Rite Specialty Foods, Inc",1,0,1
Main Processing LLC,1,0,1
Mega Meats,1,0,1
Mello's North End Manufacturers,1,0,1
Mello Meats Inc.,1,0,1
Meis Trading Company,1,0,1
Mei Mei,1,0,1
Messina Meats,1,0,1
Metrolina Meats,1,0,1
Metropolitan Foods,1,0,1
Member's Cut,1,0,1
Michigan State University Dept of Animal Science,1,0,1
Michigan Produce Haulers,1,0,1
Michigan Natural Storage,1,0,1
"Michigan Brand, Inc.",1,0,1
Michigan Brand Inc.,1,0,1
"Michael's Finer Meats, LLC",1,0,1
"Melrose Storage and Distribution, Inc.",1,0,1
Mendez & Co. Cold Storage Logistics,1,0,1
Michael Angelo's Gourmet Foods Inc.,1,0,1
Merindorf Meats Inc,1,0,1
Max's Kitchen LLC,1,0,1
ONE-OCEAN CARGO LLC,1,0,1
"Metabolic Meals, LLC",1,0,1
Mesa Meat Processors Corp.,1,0,1
Mesa Foods,1,0,1
"Meritage Soups, LLC",1,0,1
Meridian Meat and Sausage,1,0,1
"Mendez & Co., Inc.",1,0,1
Meridian Meat Packers,1,0,1
Merchants Distributors LLC,1,0,1
"Merchant's Market Group, LLC",1,0,1
Mercado Meat Distribution,1,0,1
Mennonite Central Commitee U.S.,1,0,1
Mennella'a Poultry,1,0,1
Michael Foods Egg Product Company Pilot Plant R&D,1,0,1
"Miami Purveyors, Inc.",1,0,1
Main Street Catering,1,0,1
"McBride Meats Company, Inc.",1,0,1
McLane Foodservices,1,0,1
McLane Classic Foods,1,0,1
"McDonald's Meats, Inc.",1,0,1
McDonald Meats Inc.,1,0,1
"McCain Foods USA, Inc.",1,0,1
McCain Foods Snack Plant.,1,0,1
"McAllen Cold Storage, Ltd.",1,0,1
McLean Beef Inc,1,0,1
Mazzone Pasta LLC,1,0,1
Mayar's Halal Meat Processing,1,0,1
Mayabeque Products Corp.,1,0,1
May's Custom Meat Processing LLC,1,0,1
Meadville Locker LLC,1,0,1
Meat & Dough Foods LLC,1,0,1
McLane Global,1,0,1
McNees Meats and Wholesale LLC,1,0,1
Miami Desserts Corp.,1,0,1
Metz Culinary Management,1,0,1
"Miami Beef Co., Inc.",1,0,1
"Mi Ranchito, Inc.",1,0,1
"Mi Ranchito Foods, Inc.",1,0,1
Mezban Foods,1,0,1
"Meyers Sausage Co, Inc",1,0,1
Mexus Cold Storage,1,0,1
"Megas Yeeros, LLC",1,0,1
"Mclane Foodservice Distribution, Inc.",1,0,1
Mediterranean Foods Inc.,1,0,1
Maxim Find Food LLC,1,0,1
"Meat & Complete, LLC",1,0,1
Meadow Farms Sausage Company,1,0,1
"Meade Locker & Processing, LLC",1,0,1
"Meacham Hams, Inc.",1,0,1
"Maverick Caterers, LLC",1,0,1
Manna Asian Foods LLC,1,0,1
Mannino's Wholesalers Corp,1,0,1
"Mary's Harvest Fresh Foods, Inc.",1,0,1
Mason Brothers Company,1,0,1
"Masami Foods, Inc.",1,0,1
Masala Inc.,1,0,1
Marzolf Meats LLC,1,0,1
Maryland Packaging LTD,1,0,1
Mary's Ranch,1,0,1
Marie Poggi Ravioli,1,0,1
Master Food,1,0,1
Mariah Foods,1,0,1
MawMaw's Chicken Pies,1,0,1
Manger Packing Corp.,1,0,1
Manda Packing Company,1,0,1
"Manchester Packing Co., Inc.",1,0,1
"Manchester Farms, Inc.",1,0,1
Mason Hills LLC,1,0,1
"Master Purveyors, Inc.",1,0,1
"Manuel's Odessa Tortilla & Tamale Factory, Inc.",1,0,1
Maui Crisps,1,0,1
Mark's Custom Meats,1,0,1
Marjo's Delight,1,0,1
"Marin Sun Farms, Inc.",1,0,1
"Marvel International, Inc.",1,0,1
"Mary Ann's Speciality Foods, Inc.",1,0,1
Mariana's Meat Harvesting Corp.,1,0,1
Mattern Sausage,1,0,1
Master Sausage LLC,1,0,1
Matosantos Comercial,1,0,1
Mathew's Prime Meats Inc.,1,0,1
"Matador Foods, LLC",1,0,1
"Matador Butcher Shop, LLC",1,0,1
Mastroianni Food Distributor,1,0,1
Masterson's Food & Drink Inc,1,0,1
Mamula Meat Packing Co.,1,0,1
Mama Vicky's Inc.,1,0,1
Mama Russo's,1,0,1
Mar-View Farms LLC,1,0,1
"Marder Trawling, Inc.",1,0,1
"Marcho Farms, Inc.",1,0,1
Marchiano's Bakery LLC,1,0,1
"Marcel's Portion Pak, Inc",1,0,1
Marceh Banjul U.S.A.,1,0,1
Marathon Enterprises Inc.,1,0,1
Mar-Jac Poultry-MS,1,0,1
"Mama Lycha Foods, LLC",1,0,1
Mar-Jac Poultry-AL,1,0,1
"Mar-Jac Poultry, Inc.",1,0,1
Maple Wind Farm,1,0,1
Maple Ridge Meats LLC,1,0,1
Maple Brook Packing,1,0,1
"Mao Foods, Inc.",1,0,1
"Mareta's Ravioli, Inc.",1,0,1
Mann Fish Market,1,0,1
Maria Empanada Commissary,1,0,1
"Manhattan Packing, Inc.",1,0,1
Manea's Meats Company,1,0,1
Making Ends,1,0,1
Makowski's Real Sausage Company,1,0,1
"Malafy's Meat Processing, LLC",1,0,1
Malco's Buxton Meat Co,1,0,1
Malcolms Meat Service Inc,1,0,1
Malgor & Co.,1,0,1
"Malone's Fine Sausage, Inc.",1,0,1
Maloney Provisions,1,0,1
Malta Joes's Baked Goods,1,0,1
Malu's Foods LLC,1,0,1
Mama Cho's BBQ,1,0,1
"Mama La's Kitchen, LLC",1,0,1
Mediterranean Fine Foods,1,0,1
Meat & Fisheries Processing Laboratory,1,0,1
Medina's Tri Tip Company LLC,1,0,1
"Lineage Logistics Bedford Park 1, LLC",1,0,1
Litchfield Prime Meats & Provisions LLC,1,0,1
Lipari's Sausage Inc.,1,0,1
"Lioni Latticini, Inc.",1,0,1
"Lion Productivities Holdings, LLC",1,0,1
"Lineage Logistics, LLC DBA Hanson Cold Storage Co.",1,0,1
Lineage Logistics Services LLC,1,0,1
Lineage Logistics - Vernon Area #8,1,0,1
Lighthouse Custom Meats LLC,1,0,1
Lineage Logistics - Vernon Area #2,1,0,1
Lineage Logistcs,1,0,1
"Lindsay Foods, Inc.",1,0,1
"Lincoln Provision, Inc",1,0,1
Lincoln Premium Poultry,1,0,1
Limit Bid Packing,1,0,1
Little Colorado Meats (Mobile Slaughter Unit),1,0,1
Little Colorado Meats (Processing),1,0,1
LiDestri Foods Inc.,1,0,1
Lepe's Meat Company Inc.,1,0,1
"Leyen Food, LLC",1,0,1
"Lewis Sausage Co., Inc.",1,0,1
Levoni America Corporation,1,0,1
Levan Bros.,1,0,1
"Let's Do Lunch, Inc.",1,0,1
Les Chateaux DeFrance Inc,1,0,1
"Leonetti's Food Distributors, Inc.",1,0,1
"Light Hill Meats, LLC",1,0,1
Leona Meat Plant Inc,1,0,1
Leon's Fine Foods,1,0,1
"Leo's Gluten Free, LLC",1,0,1
"Lemay and Sons Beef, LLC",1,0,1
Lehigh Valley Meats LLC,1,0,1
"Lieb Foods, LLC",1,0,1
"Lima Family Farms, Inc",1,0,1
"Lilly's Gastronomia Italiana, Inc., DBA Lilly's Fresh Pasta",1,0,1
"Lil Smokehouse, LLC",1,0,1
Mac's Cajun Company,1,0,1
MF Meats,1,0,1
"MERRILL DISTRIBUTING, INC.",1,0,1
MELONE BROTHERS INC,1,0,1
MEAT BAR INC.,1,0,1
MBM Corporation,1,0,1
MBM,1,0,1
"MacDonald Meat Company, Inc.",1,0,1
"Liguria Foods, Inc.",1,0,1
Los Pasteles de La Abuela,1,0,1
Macelleria DeMaria LLC,1,0,1
Majesty Foods,1,0,1
Mainville Farm Market,1,0,1
MainLine Foods LLC,1,0,1
Main Street Market,1,0,1
MGH Gourmet Inc.,1,0,1
MI Halal Meats Corp,1,0,1
MMI Meats LLC.,1,0,1
"MMM Meat, LLC",1,0,1
"MRE STAR, LLC.",1,0,1
MRG Food LLC,1,0,1
"MRK Foods, Inc.",1,0,1
MRS MARK'S SIMPLY AMAZING FOODS,1,0,1
"MS Worldwide Logistics, Inc.",1,0,1
MSI Express Inc,1,0,1
"MTC Logistics, Inc.",1,0,1
"MTXBeef, LLC",1,0,1
MURRAY L. NIXON FISHERY INC,1,0,1
Mac's Meat Inc,1,0,1
"Los Olivos, Ltd.",1,0,1
Los Mejores Tamales Production Corp.,1,0,1
Los Hernandez Tamales LLC,1,0,1
"Li Chuen Company, Inc.",1,0,1
Liberty Bell Steak Co,1,0,1
"Medina Meats, Inc/Medina Foods",1,0,1
"Logistic Services, LLC",1,0,1
Major Products Co.,1,0,1
Lone Crow Meat Processing LLC,1,0,1
London Manhattan Corp.,1,0,1
Lombardi Brothers Meats LLC,1,0,1
Loke Enterprises Inc.,1,0,1
"Loham, Inc.",1,0,1
Logan Food Company Inc.,1,0,1
Makana Provisons Meat Co Corp.,1,0,1
Loeffel Meat Laboratory / Animal Science Department,1,0,1
"Locust Hill Specialty Foods, LLC",1,0,1
Locust Grove Farm,1,0,1
"Lockwood Packing CO, LLC",1,0,1
Lockhart Meat Company,1,0,1
Locker Plant LLC,1,0,1
"Major Products Co., Inc.",1,0,1
"Meat Cooler, Inc.",1,0,1
Liberty Express Miami DBA USA Fish Handlers,1,0,1
Meat Trader Inc.,1,0,1
Medicine Lodge Meat Company LLC,1,0,1
"Medeiros Farms, Inc.",1,0,1
Mecca Halal Poultry,1,0,1
Meats By Linz,1,0,1
Meatco Inc.,1,0,1
Meat the Crunch,1,0,1
Meat Science and Animal Biologics Discovery,1,0,1
Meat Masters Processing Co.,1,0,1
"Meat Science Laboratory, Univ. of IL",1,0,1
Meat Production Inc.,1,0,1
Meat Processing Career Center,1,0,1
Meat Planet Inc.,1,0,1
Meat Palace Corp.,1,0,1
"Meat Masters, Inc.",1,0,1
Local Cuts Meat Company,1,0,1
"Lo Yumhmie Foods, LLC",1,0,1
"Lloyd's Barbeque Company, LLC",1,0,1
Lone Star Meats Ltd.,1,0,1
Looped Square Meat Company,1,0,1
"Lonsdale Packaging, LLC.",1,0,1
Longhorn Barbecue Production Center,1,0,1
Longhini LLC,1,0,1
"Long Prairie Packing Company, LLC",1,0,1
Long Hollow Cattle Company,1,0,1
"Lone Star Beef Processors, L.P.",1,0,1
Llano Seco Meats,1,0,1
Little Town Jerky Co Inc.,1,0,1
Little Kentucky Smokehouse,1,0,1
Major Products,1,0,1
Lifestyle Foods Inc.,1,0,1
Licini Brothers Food Company LLC,1,0,1
Liberty Locker,1,0,1
Lopes Sausage Co.,1,0,1
"Lord's Meats, Inc.",1,0,1
Lorentz Etc. Inc.,1,0,1
"Lorenz and Hammond, LLC dba Oxbow Meats",1,0,1
Loris Cold Storage and Retail,1,0,1
Los 7 Hermanos Corporation,1,0,1
"Los Altos Beef, Inc.",1,0,1
Los Angeles Poultry,1,0,1
"Los Banos Abattoir Co., Inc.",1,0,1
Los Cidrines.,1,0,1
Lone Star Beef Processors,1,0,1
Little Man Jerky,1,0,1
"Lone Star Bakery, Inc.",1,0,1
Londonderry Freezer Warehouse LLC,1,0,1
"Livingston International, Inc.",1,0,1
Livingston Meat Processing,1,0,1
Livingston's Packing Co.,1,0,1
Rowena Packing LLC,1,0,1
SA Quality Meats,1,0,1
King Meat Service Inc.,1,0,1
Bordelon's Fish Market LLC,1,0,1
"Bright People Foods, Inc.",1,0,1
Boston Lamb and Veal,1,0,1
Borracho Jerky,1,0,1
Borgofino Corp,1,0,1
Borenstein Caterers Inc.,1,0,1
Boreas Freeze Dry LLC,1,0,1
Booth Creek Wagyu,1,0,1
Bot N Bot,1,0,1
"Boone's Abattoir, Inc.",1,0,1
Bonneville Meats,1,0,1
"Boyle's Famous Corned Beef (2024), LLC",1,0,1
Bradley's Country Store,1,0,1
Braggs Corner Meat Corp.,1,0,1
Brakebush Cold Storage,1,0,1
Boston Salads and Provisions Company Inc.,1,0,1
"Bottomland Prime, LLC",1,0,1
Bridgford Meat Company,1,0,1
B & K Meat,1,0,1
Acre Station Meat Farm,1,0,1
Acme Delivery Service,1,0,1
Achatz Handmade Pie Company LLC,1,0,1
Ace & Ida Incorporated,1,0,1
Academy Packing Co Inc,1,0,1
Aztec Imperio,1,0,1
C&S Wholesale Meat Co.,1,0,1
Bourgeois Smokehouse,1,0,1
"Bostrom Farms, LLC",1,0,1
Boyd's Wholesale Meats,1,0,1
Boyd Specialties LLC,1,0,1
"Bowman's Butcher Shop, LLC",1,0,1
"Bowman & Landes Turkeys, Inc.",1,0,1
Bovine and Swine,1,0,1
"Bridor USA, Inc.",1,0,1
Bridgford Food Processing Corporation,1,0,1
"Binkert's Meat Products, LLC",1,0,1
Bloemer Food Sales Co.,1,0,1
Blue Chip Group,1,0,1
Blue & Gold Sausage Co.,1,0,1
Blount Fine Foods Corp.,1,0,1
"Blossom Foods, LLC",1,0,1
"Bloomfield Food, Inc.",1,0,1
Bloom-N-Egg Farm,1,0,1
"Blessed Meat, Inc.",1,0,1
Blue Frog Foods LLC,1,0,1
Blanche Farms Specialty Cured Meat,1,0,1
Blair Meat Market LLC,1,0,1
Blackhawk Specialty Foods,1,0,1
Black River Meats,1,0,1
"Bixler Country Meats, Inc.",1,0,1
"Birmingham Dreamland, Inc.",1,0,1
Blue Creek Marbled Meat Company LLC,1,0,1
Blue Line Distributing,1,0,1
Brick House Pizza Co.,1,0,1
"Brasstown Beef, LLC",1,0,1
Brick Church Meats & More,1,0,1
Briardale Ostrich Farms,1,0,1
Brewer Meats,1,0,1
Brents Beef Jerky,1,0,1
Brenneman's Meat Market Inc,1,0,1
"Bravo Foods and Bakery, LLC",1,0,1
"Brandy Meats, Inc.",1,0,1
Bonne Terre Meat Company,1,0,1
Branding Iron Holdings - Holten Meat,1,0,1
Brand Aromatics Inc,1,0,1
"Brakebush Mocksville, Inc.",1,0,1
"Brakebush Irving, Inc.",1,0,1
"Brakebush Hartwell, LLC",1,0,1
Bonneval Foods LLC,1,0,1
Ada Valley Gourmet Foods,1,0,1
Adam's Sausage Factory,1,0,1
Adams Farm Slaughterhouse LLC,1,0,1
"Alex & George Wholesale Meats, Inc.",1,0,1
Alexis Wholesale Distribution,1,0,1
"Alexandra Foods, LLC",1,0,1
Alexander's Ham Co.,1,0,1
Alex's Meat & Provisions,1,0,1
"Alex Meats, Inc.",1,0,1
Alex Deli,1,0,1
"Alena Foods, Inc.",1,0,1
"Alfresco Pasta, LLC",1,0,1
Alef Sausage,1,0,1
AleCon Enterprises Inc.,1,0,1
Aldon Food Corporation,1,0,1
"Alcor Foods, Inc.",1,0,1
"Agricola Meats, LLC",1,0,1
"Agri Star Meat and Poultry, LLC",1,0,1
Alexis Wholesale Distribution Inc.,1,0,1
Ali International Inc.,1,0,1
Adams Turkey Farm,1,0,1
Airfrigo USA Inc/Seafrigo Coldstorage Fairmont,1,0,1
"Al's Wholesale Meats, Inc.",1,0,1
Al Shabrawy Inc.,1,0,1
Al & John Inc.,1,0,1
Ajinomoto Windsor Inc.,1,0,1
"Ajinomoto Toyo Frozen Noodle, Inc.",1,0,1
"Ajinomoto Foods North America, Inc,",1,0,1
"Agro Merchants ""dba"" Americold Logistics LLC",1,0,1
"Ali's Meats, L.L.C.",1,0,1
Albert's Organics Inc.,1,0,1
Alberto's Meat Shop,1,0,1
"Albie's Food Products, LLC",1,0,1
Albion Locker,1,0,1
"Aliyans Global, Inc.",1,0,1
"Alif Meat Packing, LLC",1,0,1
"Agile Cold Storage Macon, LLC",1,0,1
Abe's Kosher Meats,1,0,1
"Abbott's Meat, Inc.",1,0,1
"Agile Cold ATL NW, LLC",1,0,1
"Abbyland Pork Pack, Inc.",1,0,1
"Abeles & Heymann, LLC",1,0,1
Agile Cold Storage Joliet LLC,1,0,1
Abuelito Meat Inc.,1,0,1
Agile Cold New Orleans LLC,1,0,1
Agile Cold Claymont LLC,1,0,1
"Agile Cold ATL NE, LLC",1,0,1
"Abanto Forwarding, Inc.",1,0,1
Against The Grain Gourmet,1,0,1
Afia Foods,1,0,1
"Affiliated Fresh Cuts, LLC",1,0,1
"Advertising Resources, Inc",1,0,1
AdvancePierre Foods Inc.,1,0,1
"Advance Pierre Foods, Inc",1,0,1
"AMICK FARMS, LLC",1,0,1
"AMPC, LLC",1,0,1
ANKERPAK,1,0,1
ARI-Packaging/Menasha (Minooka Plant),1,0,1
"ARO Foods, LLC",1,0,1
"ASC Lockers, LLC",1,0,1
ASU Food Safety and Product Development Lab,1,0,1
ATG Transportation LLC,1,0,1
ATM International USA Inc.,1,0,1
"AU, LAU and Associates, Inc.",1,0,1
"AVA Pork Products, Inc.",1,0,1
AVF Holding LLC,1,0,1
AZ Gourmet Foods Inc.,1,0,1
AZ Grass Fed Beef,1,0,1
AZ Grass Raised Bone Broth,1,0,1
"Aala Meat Market, Inc.",1,0,1
AbE Manufacturing,1,0,1
Birdsboro Kosher Provisions LLC,1,0,1
Bingman's Packing,1,0,1
"Al-Kawthar Poultry, LLC",1,0,1
Buckhead Meat and Seafood of Central Florida,1,0,1
"Brinkman Turkey Farms, Inc.",1,0,1
"Bruders Abbatoir, LLC",1,0,1
Bruno Beef Strips,1,0,1
Brush Meat Processors LLC,1,0,1
Buckhead Meat of North Carolina,1,0,1
Buckhead Meat of Denver,1,0,1
Buckhead Meat Northeast,1,0,1
Brock's Esto Meat Processing,1,0,1
Buckhead Meat Midwest Inc.,1,0,1
Buckhead Meat Midwest Inc,1,0,1
Buckhead Meat Dallas a Sysco Company,1,0,1
Buckhead Meat Company,1,0,1
Buckhead Meat & Seafood of Houston.,1,0,1
"Buckhead Meat & Seafood Mid-Atlantic, Inc.",1,0,1
Bristol Beef,1,0,1
Brocks Butcher Block,1,0,1
Buckaroo Meat Company,1,0,1
Broomes Poultry,1,0,1
Brugusa LLC,1,0,1
Brown's Meat Locker,1,0,1
"Brothers Quality Halal Meat, LLC",1,0,1
"Brothers Meats Processors, LLC",1,0,1
Brother's Halal Meat Packing,1,0,1
Brother and Sister Food Services Inc.,1,0,1
Brookwood Farms,1,0,1
Bromley Meats,1,0,1
"Brookshire Brothers, Inc.",1,0,1
"Brooklyn Provisions, Inc.",1,0,1
"Brooke Industries, Inc.",1,0,1
Brooke & Bradford LLC,1,0,1
"Brook Meadow Fresh Farm, LLC",1,0,1
Bronson Locker,1,0,1
"Buckeye Butcher, LLC",1,0,1
Buck N' Bull Meatworx,1,0,1
Blue Grass Provisions Co. Inc.,1,0,1
"Baily International, Inc.",1,0,1
Bastan Corporation,1,0,1
"Bakalars Sausage Co., Inc.",1,0,1
Bak Foods,1,0,1
"Baja Foods, LLC",1,0,1
Baily Meat LLC,1,0,1
"Baily International, LLC",1,0,1
Bagelinos,1,0,1
"Baker, Inc.",1,0,1
Bagel Bites,1,0,1
Balter Meat Company,1,0,1
"Bama Companies, Inc.",1,0,1
Bama Sea Products,1,0,1
Bangkok Meatball Corp.,1,0,1
Base Camp Operations,1,0,1
"Bakehouse Enterprises, LLC, DBA Boxford Bakehouse",1,0,1
Bakersfield Meat Company,1,0,1
Bucher Meats,1,0,1
"B & M Philly Steaks, Inc.",1,0,1
"Bubba Foods, LLC",1,0,1
Bryant's Meat Inc,1,0,1
Bryan's Meat Inc.,1,0,1
"Brushy Prairie Packing, Inc.",1,0,1
Bimmy's Food Made With Love,1,0,1
Biloxi Beach Group LLC #2,1,0,1
Bakemex,1,0,1
"Bakkavor Foods USA, Inc",1,0,1
Ballester Hermanos Inc.,1,0,1
Balkan Meat Inc.,1,0,1
"Baksh Food LLC,",1,0,1
Bakkavor US - San Antonio,1,0,1
Bakkavor US - Carson,1,0,1
"Bakkavor Foods USA, Inc - Charlotte Breads",1,0,1
Buckhead South Florida LLC,1,0,1
Buckhorn Meat Co.,1,0,1
Buckskins L.L.C.,1,0,1
"Burgundy Pasture Beef, LP",1,0,1
"Blue Ribbon Processing, LLC",1,0,1
"Blue Mountain Meats, Inc.",1,0,1
Blue Moon Specialty Foods,1,0,1
"Bright Oak Meats, Inc.",1,0,1
Brighton Packing LLC,1,0,1
Biltong Beef Products LLC,1,0,1
Burris Corporation,1,0,1
"Blue Sky RE, LLC",1,0,1
Burnette Foods Inc.,1,0,1
Burnett Meats,1,0,1
Burnett Dairy Cooperative,1,0,1
"Burnett & Son Meat Co., Inc.",1,0,1
Burly Brothers Country Butchery,1,0,1
Burkhart Meat Processing LLC,1,0,1
Blue Ridge Meats of Front Royal,1,0,1
Blue Star Meat Corp.,1,0,1
Butcher Block Meat Co.,1,0,1
Bob's Processing Inc.,1,0,1
Blue Line Food Service Distribution,1,0,1
Bonavista foods Inc.,1,0,1
Blue Line Foodservice Distribution,1,0,1
"Boesl Packing Co., Inc.",1,0,1
Boe Farms,1,0,1
"Bobby Salazar's Food Products, Inc.",1,0,1
"Bob's Better Beef, Inc.",1,0,1
"Blue Tape Foods, LLC",1,0,1
Bo-Bo Poultry Market Inc,1,0,1
Blueridge processing Corp,1,0,1
"Bluegrass Lamb Company, LLC",1,0,1
Bluebonnet Foods LP,1,0,1
Bluebird Locker Inc,1,0,1
"Blue Valley Meats, LLC",1,0,1
Burke Marketing Corporation,1,0,1
Burgundy Pasture Poultry LLC,1,0,1
"Burgers' Ozark Country Cured Hams, Inc.",1,0,1
By The Pound Catering Corp.,1,0,1
C & S Poultry,1,0,1
"C & L Foods, Inc.",1,0,1
C & F Packing Company,1,0,1
"Byron Center Wholesale Meats, Inc.",1,0,1
Byler's Custom Meats,1,0,1
"Byerly Foods International, Inc.",1,0,1
"By George, Inc.",1,0,1
"Brimhall Foods Co., Inc",1,0,1
"Buzz Products, Inc.",1,0,1
Buttermilk Pie Company,1,0,1
"Butterfield Foods, LLC",1,0,1
Butterfield Foods Company,1,0,1
Butcher House Meats,1,0,1
Butcher Block Meats,1,0,1
C &S Poultry,1,0,1
"C&C Meat Sales, Inc.",1,0,1
C&H Meat Co.,1,0,1
"C&J Tendermeat Co., Inc.",1,0,1
Bush Brothers Provision Company,1,0,1
Burt's Meat & Poultry,1,0,1
Burrito Kitchens Enterprises,1,0,1
Burrito Bro's,1,0,1
"Bud's Custom Meats, Inc.",1,0,1
Bueno Foods,1,0,1
"Buffalo SAV, Inc.",1,0,1
Buitoni USA LLC,1,0,1
Bum Foods LLC,1,0,1
Bumble Bee Foods LLC,1,0,1
Buona Vita Inc.,1,0,1
Burger Maker Inc.,1,0,1
"Burger's Ozark Country Cured Hams, Inc.",1,0,1
"AMG Global Distribution, Inc.",1,0,1
Alabama Catfish LLC,1,0,1
Barry's Barbeque,1,0,1
Atlanta Community Food Bank,1,0,1
Amana Farms Beef,1,0,1
"Alwan & Sons Meats, Inc.",1,0,1
Andoro LLC,1,0,1
Andre's & Lana's Delicacies,1,0,1
All American Meat Processing & Smokehouse,1,0,1
Associated Grocers of Florida,1,0,1
Atlanta Bonded Warehouse Corporation,1,0,1
"Amazon Foods, Inc.",1,0,1
"Atkins Sheep Ranch, Inc.",1,0,1
Atkins Sheep Ranch Inc.,1,0,1
"Athens Foods, Inc.",1,0,1
"Astra Foods, Inc.",1,0,1
Astra Foods Inc.,1,0,1
Assured Community Processing LLC,1,0,1
Amaro Foods Enterprise Inc,1,0,1
Amba Ham Company Inc.,1,0,1
Andy's Deli & Mikolajczk,1,0,1
"America's Custom Brokers, Inc.",1,0,1
Altura LLC,1,0,1
"American Butchers, Inc.",1,0,1
"Alvios Cuban Meats, LLLP",1,0,1
"American Beef Packers, Inc.",1,0,1
America's Second Harvest of the Big Bend,1,0,1
"America's Heartland Packing, LLC",1,0,1
America's Best Steak,1,0,1
Ambar Foods LLC,1,0,1
AmeriQual Packaging,1,0,1
"AmeriQual Group, LLC",1,0,1
AmeriQual Distribution Center,1,0,1
"AmeriCold Logistics, LLC",1,0,1
"Ameri-Asian Trading Development, Inc.",1,0,1
Ambassador Meat Dist. Inc.,1,0,1
Associated Grocers of FL,1,0,1
Aspen Hollow Sheep Station Mobile Harvest Unit,1,0,1
Appalachian Meats LLC,1,0,1
"Au Bon Canard Foie Gras, Inc.",1,0,1
Avanti Foods,1,0,1
Authentic Brands of Chicago,1,0,1
"Aurora Packing Company, Inc.",1,0,1
Aunt Kitty's Foods Inc,1,0,1
Augustine's Italian Village Inc.,1,0,1
Aufschnitt Meats LLC,1,0,1
Attilio Esposito Inc.,1,0,1
Avenal State Prison,1,0,1
Attala Frozen Foods,1,0,1
Atlas Meat Company,1,0,1
Arveybell Farm Co.,1,0,1
Artisan Premades NW LLC,1,0,1
"Artisan Kitchens, LLC",1,0,1
"Arcadia Cold Phoenix, LLC",1,0,1
"Avatar Foods, Inc.",1,0,1
Avril Bleh Meats,1,0,1
Aspen Global LLC,1,0,1
Asahi Foods Inc.,1,0,1
Asianic Inc.,1,0,1
Ashton Farms Custom Meats,1,0,1
Ashland Sausage Company,1,0,1
"Ashland Dehydrated Foods, LLC",1,0,1
"Ascent Foods, LLC",1,0,1
Asahi Union LLC,1,0,1
"Atlanta Meat Company, Inc.",1,0,1
Ayam Yook LLC,1,0,1
Atlantic Coast Freezers LLC,1,0,1
"Atlantic Coast Freezers, LLC",1,0,1
Atlantic Veal & Lamb Inc,1,0,1
"Azoria Food Productions, LLC",1,0,1
Azar and Company,1,0,1
"Ayrshire Farm Management, LLC",1,0,1
"Alsleben Meats, LLC.",1,0,1
"All American Meats, Inc.",1,0,1
"All Hale Meats, LLC",1,0,1
"American Country Foods, LLC",1,0,1
American Foods International LLC,1,0,1
"American Food Systems, Inc.",1,0,1
"American Food Services, LLC",1,0,1
American Food Service,1,0,1
"American Egg Products, LLC",1,0,1
American Custom Meats LLC,1,0,1
American Copackers Inc.,1,0,1
Andrade Slaughterhouse,1,0,1
Americold Logistics LLC.,1,0,1
"Americold Logistics, LLC.",1,0,1
Americold Logistics- Gateway,1,0,1
Americold dba AGRO Merchants Group,1,0,1
Anderson Produce,1,0,1
Anderson Meats and Processing Inc.,1,0,1
American Halal Meat Inc.,1,0,1
American Heritage Beef Company LLC,1,0,1
Alle-Pia,1,0,1
American Kitchen Delights Inc.,1,0,1
Cut Rite Outback LLC,1,0,1
"Cut Fruit Express, Inc",1,0,1
"Customized Distribution, LLC",1,0,1
C.R. Meats,1,0,1
"C. Roy, Inc.",1,0,1
Legacy Custom Meat Processing,1,0,1
Americold Logistics Inc,1,0,1
"American Outdoor Products, Inc",1,0,1
Americold Corporation,1,0,1
"Americold ""dba"" Nordic Logistics and Warehousing LLC",1,0,1
"American Soy Products, Inc.",1,0,1
"American Skin Food Group, LLC",1,0,1
American Skin Food Group LLC,1,0,1
American Samoa Government,1,0,1
Anderson Boneless Beef,1,0,1
Anderson & Son Meat Processing LLC,1,0,1
Anco Poultry Processing,1,0,1
"Alma Cold Storage, Inc.",1,0,1
Alpine Meats Inc.,1,0,1
Alpha Omega LLC,1,0,1
Alpha Foods Co.,1,0,1
Along Came Tamale,1,0,1
Alnoor Halal Poultry Market,1,0,1
"Alma Foods, LLC",1,0,1
Allied Caribbean Distribution,1,0,1
"Amylu Foods, LLC",1,0,1
Allentown Refrigerated Terminals Inc.,1,0,1
Allen Harim LLC,1,0,1
"Allen Harim Foods, LLC",1,0,1
"Allen Brothers, LLC",1,0,1
"Allen Brothers, Inc",1,0,1
Allen Brothers - Texas,1,0,1
"Alto Valle Foods, Inc.",1,0,1
"American Butchers, LLC",1,0,1
American Butchery,1,0,1
American Consolidation & Logistics,1,0,1
"Americold dba Nordic Logistics and Warehousing, LLC",1,0,1
"Americold, LLC",1,0,1
Ameripack Foods LLC,1,0,1
"Ameristar Meats, Inc.",1,0,1
Amick Farms LLC,1,0,1
"Amick Farms, LLC",1,0,1
"Amigo's Mexican Foods, Inc",1,0,1
"Aminchi Foods International, Inc.",1,0,1
Amish Country Bakehouse,1,0,1
Amity Packing Co. Inc.,1,0,1
"Amlat, LLC",1,0,1
"Amor Nino Foods, Inc.",1,0,1
Amy Food Inc.,1,0,1
Apple Valley Farms Inc.,1,0,1
"Appalachian Ag, LLC",1,0,1
Alanis Food LLC,1,0,1
3 Little Pigs LLC,1,0,1
4-L Processing,1,0,1
3rd Party Solutions & Logistics,1,0,1
"3D Meats, LLC",1,0,1
3333 Foods,1,0,1
307 Meat Company,1,0,1
305 Pizza @ MIA LLC,1,0,1
3 Little Pigs,1,0,1
4G Meat Processing LLC,1,0,1
"3 Fish, Inc",1,0,1
210 Foods LLC,1,0,1
"2 Creek Butchery, LLC",1,0,1
"1st Original Texas Chili Company, Inc.",1,0,1
1932 Specialty Produce and Meat,1,0,1
1923 Chili,1,0,1
458 1/2 South Broadway Meat Inc,1,0,1
5L Baking Company LLC,1,0,1
165368 C. Corporation,1,0,1
ABBYLAND FOODS,1,0,1
"AFS American Food Services, Inc.",1,0,1
"ACME Jerky, LLC",1,0,1
"ACL America, Inc.",1,0,1
ACC Central Kitchen LLC,1,0,1
AC's Yummy Jerky LLC,1,0,1
"ABF Packing, Inc.",1,0,1
"AAA Cold Storage, Inc.",1,0,1
"A Small Good, LLC",1,0,1
AA Meat Products Inc.,1,0,1
"A1 Meat Solutions, Inc.",1,0,1
"A.T.A. Meat Company, Inc.",1,0,1
A.S.K. Foods Inc.,1,0,1
"A to Z Portion Control Meats, Inc.",1,0,1
A TU GUSTO LLC,1,0,1
"1845 Smoked Meat Company, LLC",1,0,1
100% Artisan Foods LLC,1,0,1
Appalachian Abattoir,1,0,1
Al-Marwa L. L. C.,1,0,1
"9 Star Foods, Inc.",1,0,1
729 Beef LLC,1,0,1
7 Mile Processing and Cattle Co. LLC,1,0,1
"ALFREDO AIELLO ITALIAN FOODS, INC.",1,0,1
AMERICAN FOODS INTERNATIONAL LLC,1,0,1
Aliyas Foods USA Inc.,1,0,1
Albert Lea Select Foods Inc.,1,0,1
A & A Finest,1,0,1
Albaghdadi Food Inc.,1,0,1
Alba Foods LLC,1,0,1
Alba Cold Storage,1,0,1
"Alaska Sausage Company, Inc.",1,0,1
Alaska Meat Packers Incorporated,1,0,1
Alaska Commercial Co.,1,0,1
"920 Fries Frozen Foods, LLC",1,0,1
A & A Halal Distributors,1,0,1
58 Place Seafood Inc.,1,0,1
A G Specialty Foods,1,0,1
5R Custom Meats,1,0,1
"A Portus Freight Forwarding Service, LLC",1,0,1
"6 in 1 Meats, LLC",1,0,1
A Peach of a Party,1,0,1
"A La Carte Foods Properties, LLC.",1,0,1
"A La Carte Foods Properties, LLC",1,0,1
A Full Measure,1,0,1
A & G Food Service LLC,1,0,1
A Farm Inc.,1,0,1
"A Cut Above Processing and Meat Market, LLC",1,0,1
A & S Produce Inc.,1,0,1
A & S Distributors,1,0,1
"A & M Meat Processing, LLC.",1,0,1
A & M Cold Storage,1,0,1
"AFS Classico, LLC",1,0,1
AGS DBA Sun Commodities,1,0,1
AHR Manufacturing Inc.,1,0,1
Arlington Valley Farms,1,0,1
"Artisan Bread Co., LLC",1,0,1
Art Gourmet Catering Corp,1,0,1
Arrow Farm Meats LLC,1,0,1
Arnold's & Eddies Foods Inc.,1,0,1
Armada,1,0,1
Arm National Foods,1,0,1
Arlindo Catering Inc.,1,0,1
Artisan Chef Manufacturing Company DBA: Tuscan Market,1,0,1
"Arko Veal Company, Inc.",1,0,1
Arkansas Department of Corrections,1,0,1
Arizona Beef LLC,1,0,1
Aries Beef LLC,1,0,1
Argus Food Processing Corporation,1,0,1
"Argo Merchants ""dba"" Americold Logistics LLC.",1,0,1
Arch Foods Inc DBA: Deep Indian Kitchen,1,0,1
Arch Food Service Inc.,1,0,1
AIA USA,1,0,1
Ansaldos Sausage Corp.,1,0,1
Apostolic Christian HarvestCall,1,0,1
Apollo Export Warehouse Inc.,1,0,1
Apex Cold Storage Co.,1,0,1
Apache Foods LLC,1,0,1
Antonio Mozzarella Factory,1,0,1
"Ansots Okeldegi, LLC",1,0,1
"Anna's Kitchen, Inc.",1,0,1
"Arcadia Cold Hazleton, LLC",1,0,1
"Ankeny Cold Storage, LLC",1,0,1
Anichini Bros Inc,1,0,1
"Angus Meats, Inc.",1,0,1
"Angulo & Aguilar Forwarding, LLC",1,0,1
Angelina Foods,1,0,1
Andy's Meats Inc.,1,0,1
"Arctic Foods USA, LLC",1,0,1
Arctic Cold Storage,1,0,1
"Arck Foods, Inc.",1,0,1
A&J Meats,1,0,1
A. Concepcion Hnos,1,0,1
A. Altieri & Sons,1,0,1
"A&W Country Meats, Inc.",1,0,1
A&S & Son,1,0,1
"A&R PackingCo., Inc.",1,0,1
A&M Packing LLC,1,0,1
A&I Logistic Inc.,1,0,1
"Archway Farm, LLC",1,0,1
"A.L. Beck & Sons, Inc.",1,0,1
A.M.L.L Corp,1,0,1
A.N. Deringer Inc.,1,0,1
AL-DEZ General Dist,1,0,1
"AK's Midstate Meats, LLC",1,0,1
AJ Pasties LLC,1,0,1
"A. Decoite Packing House, Inc.",1,0,1
"ALMI Group, Inc.",1,0,1
"A. Gemmen & Sons, Inc.",1,0,1
A. S. K. Foods Inc.,1,0,1
A. Tarantino & Sons,1,0,1
A.A. Rubashkin & Sons,1,0,1
A.B. Vannoy Hams,1,0,1
"A.F.I. Food Service LLC ""DBA"" PFS Metro NY Custom Cuts",1,0,1
A.G.A. Investments II Inc.,1,0,1
A.I. Foods Corporation,1,0,1
"A.J. Sons, Inc.",1,0,1
"A.J.'s Lena Maid Meats, Inc.",1,0,1
A. Gimenez Trading LLC,1,0,1
"B & C Seafood, Inc.",1,0,1
Alki Bakery Inc.,1,0,1
All American Meat Processing And Smokehouse,1,0,1
"Archie's Foods, Inc.",1,0,1
Bas Foods Inc.,1,0,1
Barron's Creek Beef Jerky,1,0,1
"S.R. Forwarding, Inc.",1,0,1
Hawaii Island Meat Cooperative,1,0,1
"Hemps, Inc.",1,0,1
Hazle Park Cold Storage Inc.,1,0,1
Hawkeye Smokehouse Partners LLC,1,0,1
Hawkeye Pride Egg Farm LLP,1,0,1
Hawaiian Pastele Company LLC,1,0,1
"Hawaii Meats, LLC",1,0,1
"Hawaii Beef Producers, LLC",1,0,1
"Henningsen Foods, Inc",1,0,1
Hawa Corp.,1,0,1
"Hausman Foods (2024), LLC",1,0,1
Hato Rey Meat Packing,1,0,1
Hatcher Poultry & Egg Co.,1,0,1
Hat Creek Butchery,1,0,1
Hastings Foods LLC,1,0,1
Hempstead Foodservice Inc.,1,0,1
"Hickman's Egg Ranch, Inc.",1,0,1
Harvesters - The Community Food Network,1,0,1
"Hill Country Foodworks, LLC",1,0,1
Hilltown Country Smokehouse LLC,1,0,1
Hillside Turkey Farm,1,0,1
Hillsdale County Meats,1,0,1
Hillcrest Meats LLC,1,0,1
"Hill's Southern Foods, LLC",1,0,1
Hill Meat Company,1,0,1
"Highland Packing Company, Inc.",1,0,1
Hickory Baked Ham Company Inc.,1,0,1
"Highland Hollow Farm, LLC",1,0,1
Highland Farm Fresh LLC,1,0,1
High Country Meats,1,0,1
"Higa Meat & Pork Market, Ltd.",1,0,1
Hidalgo Logistics LLC,1,0,1
Hickory Hollow,1,0,1
Hastings Foods L.L.C.,1,0,1
Harvester Meat Co.,1,0,1
Hudson Valley Craft Sausage LLC,1,0,1
Head Distributing Company dba Core-Mark,1,0,1
"Heartland Meat Company, Inc",1,0,1
"Heartland Catfish Company, LLC",1,0,1
Hearthside Food Solutions,1,0,1
Heart O' Lakes Quality Meats,1,0,1
Hearn Kirkwood / Food Unlimited,1,0,1
Healthy Kids,1,0,1
"Hitman Smoked Products, LLC",1,0,1
"Hearty Acquisitions, LLC",1,0,1
Hobson Food Service,1,0,1
"IHSAN FARMS, IIC",1,0,1
"Hudson Foods Venture, LLC",1,0,1
Hummel Brothers Inc.,1,0,1
"Hugo Trading, Inc.",1,0,1
Hughes Market & Meat Processing Inc.,1,0,1
"Heartquist Hollow Farm, LLC",1,0,1
Heatherfield Foods Inc.,1,0,1
Harvest Kitchen,1,0,1
HeBo Family Foods Inc.,1,0,1
Harvest House Farms,1,0,1
"Harvest Foods, LLC",1,0,1
"Harvest Food Products Co., Inc",1,0,1
Hayes Meat Processing,1,0,1
Hazle Park Packing Co.,1,0,1
Hempler Foods Group LLC,1,0,1
Hemphill Souse & Sausage Inc,1,0,1
Heber Valley Meat,1,0,1
"Hemingway Locker Plant, LLC",1,0,1
Hellmann Worldwide Logistics,1,0,1
Helena Farm,1,0,1
"Heinsen Products, Inc.",1,0,1
"Heinkel's Packing Company, Inc.",1,0,1
"Heggies Pizza, LLC",1,0,1
Hilltown Pork Inc.,1,0,1
Hinck Turkey Farm Inc,1,0,1
"His Meat Company, LLC",1,0,1
JCK Inspection,1,0,1
J T M Provisions Company,1,0,1
J J Meats Company,1,0,1
"J & Q Food, Inc.",1,0,1
J & M Meat Co.,1,0,1
J.C. Sowell Meats Inc.,1,0,1
"J.E.S. Foods, Inc.",1,0,1
J.F. O'Neill Packing Co. Inc.,1,0,1
J&D Refrigerated Services,1,0,1
"JCG Foods of Georgia, LLC",1,0,1
"JCG  Foods of Alabama, LLC",1,0,1
JBS Prepared Foods-Moberly Facility,1,0,1
JBS Prepared Foods - Swanton Facility,1,0,1
JBB Trading LLC,1,0,1
"JB, LLC",1,0,1
"J and L Butcher Shop, LLC",1,0,1
"J&J Packing Co., Inc.",1,0,1
Hiawatha Pasties,1,0,1
J. Rago Veal Co.,1,0,1
JDM Specialty Foods,1,0,1
"JD's House of Bacon, Inc.",1,0,1
JD Meat Market,1,0,1
"J.C. Tenorio Ent., Inc.",1,0,1
J.A.K. Inc.,1,0,1
"J. W. TREUTH & SONS, INC.",1,0,1
J. L. Miller  & Sons Inc.,1,0,1
J&J Smoked Meats,1,0,1
"J. Brodie Meat Products, Inc.",1,0,1
"J-Bar Poultry Processing, LLC",1,0,1
J-Bar Meat Company,1,0,1
J'S & A'S Food Inc,1,0,1
J&R Meat Company,1,0,1
J&J Snack Foods Handhelds Corp.,1,0,1
"JAS Meats, Inc.",1,0,1
JA Angus Processing LLC,1,0,1
"J.W. Treuth & Sons, Inc.",1,0,1
Henry Kohn Inc. t/a Burlington Beef,1,0,1
Herfurth Brothers Inc,1,0,1
"Hoagland Enterprises, LLC",1,0,1
Herd Packing Company LLC,1,0,1
Herbruck's Poultry Ranch,1,0,1
Hepler Meats,1,0,1
Henrys Dream Distributors,1,0,1
Henry J's Meat Specialties,1,0,1
J.T.M. Provisions Company,1,0,1
"Henry Grasso Co., Inc.",1,0,1
Henry Broch Foods,1,0,1
"Henningsen Foods, Inc.",1,0,1
Hertzog Premium Beef LLC,1,0,1
Hess Meat Market Inc.,1,0,1
"Hi Country Snack Foods, Inc.",1,0,1
"Heritage Meats, Inc.",1,0,1
"Heritage Specialty Foods, LLC",1,0,1
Herman Falter Packing Company,1,0,1
Hermanos Dajer Inc.,1,0,1
Hermanos Santiago Cash & Carry,1,0,1
"Herring Brothers Meats, Inc.",1,0,1
"Herring Brothers, Inc.",1,0,1
Herscher Halal Meat Locker,1,0,1
HertaBerkSchwein Farms LLC,1,0,1
Heritage Meats,1,0,1
"Jancorp, LLC",1,0,1
IJean Food,1,0,1
INCO Group Inc.,1,0,1
"J.G. Food Products, Inc.",1,0,1
J.J. Foodservice Inc.,1,0,1
"J.J. MCDONNELL & CO., INC",1,0,1
J.T. Jobbagy Inc.,1,0,1
Huettl's Locker & Dressing Plant,1,0,1
"Hudson Valley Charcuterie, LLC",1,0,1
"Jack Packaging, Inc.",1,0,1
"Konoike Pacific California, Inc.",1,0,1
"Kountry's Pork Skins, LLC",1,0,1
Kosher R Us,1,0,1
Kosher Eats LLC,1,0,1
Korte Meat Processing Inc.,1,0,1
Konoike-Pacific,1,0,1
LATIN AMERICA MEATS AND FOODS CORP,1,0,1
"Konoike - E Street, Inc.",1,0,1
"Kramlich-Deede Meats, LLC",1,0,1
"Konanyan Meat Company, Inc. / Western Gourmet",1,0,1
Koehler's Meat and Sausage Company,1,0,1
"Koegel Meats, Inc.",1,0,1
Koch's Turkey Farm,1,0,1
"Koch Foods, LLC",1,0,1
Koch Foods of Mississippi-Morton Prepared,1,0,1
"Kowalski Companies, Inc.",1,0,1
Krehbiels Specialty Meats Inc,1,0,1
Kronos Foods Corp.,1,0,1
Honolulu Baking Company,1,0,1
Horton's Quality Meats,1,0,1
Horst Meats,1,0,1
"Hormel Foods Operations, LLC",1,0,1
Hormel Foods Group,1,0,1
"Hopkins Poultry Co., Inc.",1,0,1
"Hooks Distribution USA, LLC",1,0,1
Hong Chang Corp,1,0,1
Kroger Mountain View Foods,1,0,1
"Honest Meats, LLC",1,0,1
James River Correctional Ctr.,1,0,1
Jane's Stromboli,1,0,1
"EASTERN SHORE POULTRY COMPANY, INC",1,0,1
"Korpack, Inc.",1,0,1
Kroll Farms Inc.,1,0,1
Koch Foods of Mississippi LLC,1,0,1
"Kruse & Son, Inc.",1,0,1
Hudson Meat Market,1,0,1
Kingsland Food Processing Corp,1,0,1
Kuna Food Service,1,0,1
"Kulana Foods, Ltd.",1,0,1
Koch Foods of Gainesville,1,0,1
"Koch Foods of Gadsden, LLC",1,0,1
Kingston-Miami Trading Co.,1,0,1
Kingsland Food Processing Corp.,1,0,1
Kingdom Provisions,1,0,1
Kurzweils Country Meats,1,0,1
King's Pasties,1,0,1
"King's Fish Market, Inc.",1,0,1
"King's Command Foods (2022), LLC",1,0,1
King and Sons Poultry Service Inc,1,0,1
King Street Pizza Company,1,0,1
King Solomon Foods inc.,1,0,1
Kupelian Foods Inc.,1,0,1
"Kwik Trip, Inc.",1,0,1
Kukui Meat Market,1,0,1
L. Kang Inc.,1,0,1
Kukui Sausage,1,0,1
"L.S.I., Inc. - New Glarus",1,0,1
"10,000 Lakes Beef, Inc",1,0,1
L.S. Reyes Products,1,0,1
"L.B. ORIENTAL FOOD PRODUCT CO., INC.",1,0,1
L. O. Bishop BBQ,1,0,1
"L. D. AMORY AND COMPANY, INC",1,0,1
"L & C Meat Co., Inc.",1,0,1
"L&R Fine Food, Inc.",1,0,1
"L&M Enterprises, Inc.",1,0,1
L&G Food Inc.,1,0,1
L&D Market Inc.,1,0,1
"L & S Fargnoli Market, Inc.",1,0,1
L & L Packing Company,1,0,1
Hoseth Farms LLC,1,0,1
Hoskie Co. Inc.,1,0,1
Hospitality Services Unlimited,1,0,1
Hyndman Halal Meat LLC,1,0,1
"IF Co-Pack, LLC DBA Initiative Foods LLC",1,0,1
"IF Co-Pack, LLC DBA Initiative Foods",1,0,1
ICON Meals,1,0,1
IB Industries Inc. d/b/a IBI Data,1,0,1
"I-65 BBQ, Inc.",1,0,1
"I O Ranch Processing, LLC",1,0,1
"Husnik Meat Co., Inc.",1,0,1
IHOM INC,1,0,1
Husnik Meat Co. Inc.,1,0,1
Husks Unlimited Inc.,1,0,1
Husker Pride Farms MG Waldbaum Co.,1,0,1
Husker Meats LLC,1,0,1
Huse's Processing Inc.,1,0,1
"Hursey's BBQ Wholesale, Inc.",1,0,1
IHMAC Prepared Foods,1,0,1
Hunter Cattle Company,1,0,1
Hot Tamale Heaven,1,0,1
Howard & Son Meatpacking,1,0,1
Hudson Lockers,1,0,1
Hubbard's Country Meats LLC,1,0,1
Hodges,1,0,1
Huang's Meat Trading,1,0,1
"Hoyo, SBC",1,0,1
Howdysnax,1,0,1
Houston Sausage Inc.,1,0,1
Hunt's Meat Co.,1,0,1
Houston Food Bank,1,0,1
"House of Solomon, LLC",1,0,1
House of Raeford Vienna,1,0,1
"House of Raeford Farms, Inc.",1,0,1
"Humphrey's Market, Inc.",1,0,1
Humpty's Food Group,1,0,1
Huong Lan Food Production Inc.,1,0,1
Huong Duyen Meat Products,1,0,1
Hunts Point Packing Corp,1,0,1
Hometown Sausage Kitchen,1,0,1
"Holiday Meats of New Jersey, Inc.",1,0,1
Hogs Galore FLP,1,0,1
Hofmann Sausage,1,0,1
Hoffer's Ligonier Valley Packing Inc.,1,0,1
"Hodie Meats, INC",1,0,1
Hometown Butcher,1,0,1
Honest Cut Meats LLC,1,0,1
House of Raeford Farms of LA,1,0,1
"House of Halal Meat, Inc",1,0,1
House of Halal,1,0,1
"House Of Smoke, Inc.",1,0,1
House Of Sausage,1,0,1
House Of Raeford Farms,1,0,1
Hotpie Incorporated,1,0,1
"Holifield Farms, Inc.",1,0,1
Holland Brothers Meats,1,0,1
"Holly Poultry, LLC",1,0,1
Holmes Foods Inc.,1,0,1
Holy Pierogies,1,0,1
"Home Food Services of PA, Inc.",1,0,1
"Home Food Services of PA, Inc., DBA Agostino Foods",1,0,1
"Home Market Foods, Inc.",1,0,1
Home Place Pastures,1,0,1
"Home Taste Food, Inc.",1,0,1
Homegrown Lg OK,1,0,1
Homeland Baking LLC,1,0,1
"Homestead Farm and Packing, LLC",1,0,1
Homestead Knoxville LLC,1,0,1
Hometown Meat Market LLC,1,0,1
House of Raeford - Wallace Div,1,0,1
House of Raeford Farms Inc.,1,0,1
Jack Mountain Meats LLC,1,0,1
Jack Stack World Class LLC,1,0,1
Barrett's Smokehouse,1,0,1
Big Fresh Brands,1,0,1
"Billy Jack's - Nebraska, LLC",1,0,1
"Bills Market, Inc.",1,0,1
Bill E's Small Batch Bacon LLC,1,0,1
Bighams Ham Company,1,0,1
"Big Sky Processing, LLC",1,0,1
Big Red Farms,1,0,1
"Big Easy Foods of Louisiana, LLC",1,0,1
Better Meat Inc.,1,0,1
Big Dog Meats LLC,1,0,1
"Big Creek Farm, LLC",1,0,1
Big Country Beef Jerky,1,0,1
Big Boy Food Group LLC,1,0,1
Big A Meatball Company,1,0,1
Bierly's Meat Market,1,0,1
"BillyDoe Meats, Inc.",1,0,1
Better Business - - - Better Foods,1,0,1
Bianco Inc.,1,0,1
Bernatello's Pizza Inc.,1,0,1
Bertolino Foods Inc,1,0,1
Bert Posess Inc,1,0,1
Berry Veal Corp.,1,0,1
"Battistoni Italian Specialty Meats, LLC",1,0,1
Berry & Sons Rababeh Isl Slau,1,0,1
Bernthal Packing Inc.,1,0,1
Bern Meat Plant,1,0,1
Bestway Sandwiches Inc.,1,0,1
"Berkshire Refrigerated Warehousing, LLC",1,0,1
Berkshire Refrigerated Warehousing LLC,1,0,1
"Berks Packing Co., Inc.",1,0,1
Berk Lombardo Packing Co.. Inc.,1,0,1
Berix Coffee Deli LLC,1,0,1
Best Value Food Products,1,0,1
Bierig Brothers Inc.,1,0,1
BiRite Foodservice Distributors,1,0,1
Belmont Sausage No. 3,1,0,1
"Behrmann Meat & Processing, Inc.",1,0,1
"Bay Lake Farms, LLC",1,0,1
"Bay Island, LLC",1,0,1
"Bavaria Sausage of Wisconsin, Inc.",1,0,1
Beef Jerky Unlimited,1,0,1
Beef and Bacon,1,0,1
"Benson + Turner Foods, Inc.",1,0,1
Benny's Pork Skins,1,0,1
Bay View Packing Company,1,0,1
"Benner's Butcher Shoppe, LLC",1,0,1
Benjamin R. Lapin,1,0,1
Bende & Son Salami Co. Inc.,1,0,1
Ben-Lee Processing Inc.,1,0,1
Ben's Best LLC,1,0,1
Bemka Corporation,1,0,1
Bay Pizza Company LLC,1,0,1
"Baya Halal Meats, LLC",1,0,1
Berghorst Farms,1,0,1
Beck's Sinclair's Fresh Fish & Seafood Market,1,0,1
Bergeron's Red Pig Group LLC,1,0,1
Berger Wholesale Meat Co.,1,0,1
Beef Queen Corp,1,0,1
Beef Burger Corp.,1,0,1
Beech-Nut Nutrition Corporation,1,0,1
Bednar Meats Inc. (DBA-Custom Foods),1,0,1
"Beaver Street Fisheries, Inc.",1,0,1
"Bayside Foods, Inc.",1,0,1
Beaver Dam Cold Storage LLC,1,0,1
Beaver Dam Cold Storage,1,0,1
Bear Mountain Beef Inc.,1,0,1
Bear Creek Smokehouse,1,0,1
"Beacon Fisheries, Inc.",1,0,1
"Beach Brand Foods, LLC",1,0,1
Bessie's Inc.,1,0,1
Best Buy Export LLC,1,0,1
"Best Chicago Meat Company, LLC",1,0,1
B&O Island Style Chamorro Sausage,1,0,1
"BG Foods N.A., Inc.",1,0,1
"BD & K Foods, LLC",1,0,1
"BAFS, Inc.",1,0,1
B.Y. International Inc.,1,0,1
B'ALL Foods LLC,1,0,1
B&P Quality Meats,1,0,1
B&M Processing,1,0,1
"Badger Boiled Ham Co., Inc.",1,0,1
"B&G Pacific, LLC",1,0,1
B&G Meats Inc.,1,0,1
"B&G Foods, Inc.",1,0,1
"B&B Poultry Co., Inc.",1,0,1
B&B Foods,1,0,1
B&A Gourmet Foods LLC,1,0,1
"BJ's Wholesale Club Holdings, Inc",1,0,1
Baffo's Enterprises,1,0,1
Best Choice Meats,1,0,1
Baratta Brothers Inc DBA Fairway Packing Co.,1,0,1
Barrera Foods INC,1,0,1
Barnes Company Limited LLC,1,0,1
Barnard Processing,1,0,1
Baringer Bros. Meats,1,0,1
Baretta Provision Inc.,1,0,1
"Bare Bones Butchering, LLC",1,0,1
"Barakat Slaughter House, LLC",1,0,1
Baffoni's Poultry Farm Inc.,1,0,1
Barakah Kabab Inc.,1,0,1
"Bar-W Meat Company, LLC",1,0,1
Bar-S Foods,1,0,1
"Banner Creek, LLC",1,0,1
"Banks Cold Storage, Inc.",1,0,1
Bangkok Meatball Corp. #2,1,0,1
B & S Food Products,1,0,1
B & R Meat Processing,1,0,1
"B & R Bierocks, Inc.",1,0,1
BMB Ventures,1,0,1
BRC Eatery,1,0,1
BR Bites LLC,1,0,1
BPT Products Inc.,1,0,1
BPM Fine Foods,1,0,1
"BMC Cali, Inc.",1,0,1
BMBR LLC DBA Millie Ray and Sons,1,0,1
Basim Halal Cattle LLC,1,0,1
"B & P Meats, LLC",1,0,1
Battaglia Distributing Co Inc,1,0,1
Biloxi Beach Group LLC #1,1,0,1
Bert Hazekamp & Son Inc.,1,0,1
"Best Stop Cajun Food, LLC",1,0,1
"Best Provision Co., Inc.",1,0,1
Best Foods Products II,1,0,1
BRK Meats,1,0,1
"BRK Meats, LLC",1,0,1
"BSA Seafood, LLC",1,0,1
"BSI Foods, LLC",1,0,1
BUREK ETC LLC,1,0,1
BUSTER RINDS LLC,1,0,1
Ba Le Meat Processing,1,0,1
Babynov USA,1,0,1
"Bach Cuc Beef Jerky, Inc",1,0,1
Back 40 Butchery,1,0,1
Backroad Meats Inc.,1,0,1
Bad River Jerky,1,0,1
BJG Meat Co LLC,1,0,1
Badalamente Sausage Co.,1,0,1
BJ's Wholessale Club,1,0,1
"BHY  Foods Factory, LLC",1,0,1
B & M Provisions Co.,1,0,1
Bemar Snacks Inc.,1,0,1
Belmont Sausage Company,1,0,1
Jack Toney Wholesale Meats,1,0,1
"Indian Valley Meats, Inc.",1,0,1
Inland Market Premium Foods - RTE Division,1,0,1
Inland Market Premium Foods,1,0,1
Infinity Brokerage Co. Inc.,1,0,1
Infinite Commerce (Judee's),1,0,1
Industrial Logistics Group,1,0,1
Indiana Meat and Poultry Processors Inc,1,0,1
Indian Creek Meats,1,0,1
Innova Flavors,1,0,1
Independent Meat Co.,1,0,1
In-N-Out Burger,1,0,1
In't Veld's Meat Market,1,0,1
Imperial Foods,1,0,1
"I’O Processing, Inc.",1,0,1
J & J Smokehouse,1,0,1
Inland Seafood Corporation,1,0,1
"Innovative Cold Storage Enterprises, Inc.",1,0,1
JYC Foods,1,0,1
IP TRADING Florida LLC,1,0,1
"ISF (USA), LLC / HIGH LINER FOODS",1,0,1
"ISE Newberry, Inc.",1,0,1
"IRP Meat & Seafood, CO",1,0,1
IQM Interfood Inc.,1,0,1
"IPMPC, LLC",1,0,1
IPMF LLC,1,0,1
Im'peccable Chicken LLC,1,0,1
"Innovative Foods, LLC",1,0,1
Imo Meat & Sausage Co.,1,0,1
Intactics LLC,1,0,1
Imperial Farms,1,0,1
"Institution Food House, Inc.",1,0,1
Institution Food House (IFH),1,0,1
"Innovative Solutions, Inc",1,0,1
IN AND OUT LOGISTICS,1,0,1
"JYC Enterprise, Inc.",1,0,1
Belmont Meats LLC,1,0,1
Jake's Food Service LLC,1,0,1
"James Meat Co, Inc",1,0,1
"James Foods, Inc.",1,0,1
"James Calvetti Meats, Inc.",1,0,1
Jamaican Tastee Patties Inc.,1,0,1
"Jamaican Flavors Patties, Inc.",1,0,1
Jallos LLC,1,0,1
Jake's Finer Foods,1,0,1
Jack Links Beef Jerky Distribution Center,1,0,1
Jaindl Turkey Sales Inc,1,0,1
Jacobellis Meat & Sausage,1,0,1
Jacob Fleishman Cold Storage Inc.,1,0,1
Jacob Fleishman Cold Storage,1,0,1
"Jackson's Sausage, LLC",1,0,1
Jackiscooking LLC,1,0,1
James Meat Company Inc,1,0,1
Jack Links Beef Jerky,1,0,1
"JTP Global, LLC",1,0,1
J & J Snack Foods Handheld Corp.,1,0,1
"JT2 Burger, LLC",1,0,1
"JSW Farm Chop Shop, Inc.",1,0,1
"JSL Foods, Inc.",1,0,1
"JSJ Bluebird, Inc.",1,0,1
JRG Meat Processing Plant,1,0,1
"JPI Wholesalers, Inc.",1,0,1
JOSEF MEILLER SLAUGHTERHOUSE INC.,1,0,1
JE EXPORTS,1,0,1
"JNB, Inc.",1,0,1
JMF Slaughter (Mobile Unit),1,0,1
"JM Watkins, LLC",1,0,1
JLM Manufacturing,1,0,1
JK Paty Preferred Meat Co,1,0,1
"JEB'S CORNER MARKET, INC.",1,0,1
IVY CITY SMOKEHOUSE,1,0,1
"Ian's Corporation, DBA Hudson River Foods",1,0,1
Ice Aged Charcuterie,1,0,1
"International Express, Inc.",1,0,1
International Meat Processors Inc.,1,0,1
International Meat Processor SF,1,0,1
International Meat Co.,1,0,1
International Frozen Products USA LLC,1,0,1
"J & D Foods, Inc.",1,0,1
International Flavors & Fragrances Inc.,1,0,1
"International Deli & Food, LLC",1,0,1
Interport Logistics LLC,1,0,1
"International Dehydrated Foods, LLC Innovation Center",1,0,1
"International Dehydrated Foods, Inc.",1,0,1
"Intermountain Packing, LLC",1,0,1
"Intermex Products USA, LTD.",1,0,1
Interbay Food Company,1,0,1
"InterChange Group, Inc.",1,0,1
International WHSE SVCS.,1,0,1
Interstate Caterers Inc.,1,0,1
IceCap Cold Storage,1,0,1
Belen De La Cruz- Empanadas,1,0,1
Bellville Meat Market Processing,1,0,1
"Bellisio Foods, Inc.",1,0,1
"Bella Bella Gourmet Foods, LLC",1,0,1
Bell Tasty Foods Inc,1,0,1
Bell Flavors & Fragrances,1,0,1
"Bell Brands, Inc.",1,0,1
"BelGioioso Cheese, Inc.",1,0,1
Interstate Cold Storage,1,0,1
"E.W. Grobbel Sons, Inc.",1,0,1
"E.W. Grobbels Sons, Inc.",1,0,1
"E123 Enterprises, LLC",1,0,1
International Grocers Inc.,1,0,1
Interstate Warehousing Murfreesboro,1,0,1
Interstate Foods Inc.,1,0,1
"Intra Coastal Packing, Inc.",1,0,1
"Iowa Cage Free, LLLP",1,0,1
"Iowa Cold Storage, LLC",1,0,1
Illinois Tamale Company,1,0,1
Iowa State University Meat Laboratory,1,0,1
"Iowa Premium, LLC",1,0,1
Integrity Foods Inc.,1,0,1
"Integrated Marketing Technologies, Inc.",1,0,1
"Integra Foods, LLC",1,0,1
Imler's Poultry Inc.,1,0,1
"Illini Institutional Foods, Inc.",1,0,1
"Iowa Pacific Processors, Inc.",1,0,1
Il Porcellino Wholesale LLC,1,0,1
Ideal Meat LLC,1,0,1
Idaho Smokehouse Partners LLC,1,0,1
Idaho Meat and Seafood,1,0,1
Ida Meats LLC,1,0,1
"Icebox Pantry, LLC",1,0,1
"Isabella Foods, Inc.",1,0,1
"Isabelle's Kitchen, Inc.",1,0,1
Isernio's Sausage Co.,1,0,1
Isla Frio Refrigeration Corporation,1,0,1
Islamic Meat & Poultry Co.,1,0,1
"Island Bwoy Cuisine, LLC.",1,0,1
Island Grown Farmer's Cooperative,1,0,1
"Island Grown Foods, Inc.",1,0,1
It's All About You Catering / Simple Bites,1,0,1
It's Jerky Inc.,1,0,1
Italia Foods,1,0,1
"Italia Foods, Inc",1,0,1
Italia Importing Company,1,0,1
Italian Ready Meals LLC,1,0,1
"Itoham America, Inc.",1,0,1
Ivars Commissary,1,0,1
"Ivy Log Meat Processing, LLC",1,0,1
Cutting Edge Meat Company LLC,1,0,1
"Cuttinup Custom Meat Processing, LLC",1,0,1
Cypress Cold Storage,1,0,1
Southeast Frozen Foods,1,0,1
St. Joseph Meat Market,1,0,1
"St. Croix Meats, LLC",1,0,1
St. Croix Abattoir,1,0,1
Special America's BBQ Inc,1,0,1
Spar Sausage Company,1,0,1
Sorbello Refrigerated Services - Houston LLC,1,0,1
"South Superior Foods, Inc.",1,0,1
"Stagecoach Meat Company, LLC",1,0,1
South Side Logistics,1,0,1
South Mountain Farms,1,0,1
South Marion Meats and Retail Market Inc.,1,0,1
South Gate Meat Company,1,0,1
South Forty Meat Market,1,0,1
South Florida Trading Corp.,1,0,1
"Stafford  Meat Company, Inc.",1,0,1
Stallings Head Cheese Co.,1,0,1
South Florida Food Merchants,1,0,1
Star Natural Meats LLC,1,0,1
"Squire's Cafe, Inc",1,0,1
"Spartanburg Meat Processing Co., Inc.",1,0,1
St. Clair Foods Inc.,1,0,1
Star Warehouse,1,0,1
Star Valley Meat Block,1,0,1
"Star Packing Co., Inc.",1,0,1
"Star Food Products, Inc.",1,0,1
Stamboom,1,0,1
Stap Inc.,1,0,1
Stanton's Bar-B-Q,1,0,1
Stanley's Market Brands LLC,1,0,1
Stanley Pearlman Enterprises,1,0,1
Stanley Pearlman Enterprise,1,0,1
Stamford Smokehouse LLC,1,0,1
"South Florida Foods International, Inc.",1,0,1
South Florida Food LLC,1,0,1
"Legacy Food Company Inc,",1,0,1
Southern Deli Provisions LLC,1,0,1
Southern Packing Corp.,1,0,1
Southern Meat Processing,1,0,1
Southern Integrity LLC,1,0,1
"Southern Hens, Inc.",1,0,1
"Southern Hens, Inc",1,0,1
Southern Hens Inc,1,0,1
"Southern Cuts Processing, LLC",1,0,1
Southern Texas Food Group,1,0,1
"Southern Complete Processing, LLC",1,0,1
"Southern Belle Refrigerated, LLC",1,0,1
"Southeastern Provision, LLC",1,0,1
"Southeastern Mills, Inc.",1,0,1
"Southeastern Meats, Inc.",1,0,1
"Legendary Meats, LLC",1,0,1
"Southern Snack Foods, Inc",1,0,1
Southern Wild Game Holdings LLC,1,0,1
"South Coast Gormet Sausage, Inc.",1,0,1
Soulshine Farms LLC,1,0,1
South Canadian Meats LLC,1,0,1
South African Jerky LLC,1,0,1
SoupWerks,1,0,1
Soup Coop LLC,1,0,1
Soup Bases Loaded,1,0,1
"Soulshine Farms, LLC",1,0,1
"Sorbello Warehouse Services , LLC",1,0,1
Southside Market & Barbeque,1,0,1
Southeast Alabama Meat Processing,1,0,1
"Southeast Poultry, Inc.",1,0,1
Spagel Brothers Inc.,1,0,1
Southeast Wholesale Foods,1,0,1
Sovereign Seafoods Inc,1,0,1
"Southwest Processor, Inc.",1,0,1
Square One Foods Inc.,1,0,1
"Specialty Foods Group, LLC",1,0,1
Specialty Sausage Co. LLC,1,0,1
"Shawarma Al Basha, LLC",1,0,1
"Sherwood Food Distributors, LLC",1,0,1
Sherwood Food Distributors LLC,1,0,1
Shepherds Processed Eggs / Muscle Eggs,1,0,1
Shepherds Processed Eggs,1,0,1
Shepherd Foods,1,0,1
"Shenandoah Valley Organic, LLC",1,0,1
"Shaw's Soutthern Belle frozen Foods, Inc",1,0,1
"Shin Provision, Inc.",1,0,1
"Short Creek Meats, LLC",1,0,1
Shriver Meats,1,0,1
Simpson's Meats,1,0,1
Shuff Meat Inc.,1,0,1
"Simply Fresh Market, LLC",1,0,1
Simmons' Barbecue Inc,1,0,1
"Shields Meats & Produce, Inc.",1,0,1
Shiners Stash Inc,1,0,1
"Spectrum Foods, Inc.",1,0,1
Shorty's Sandwich Shop,1,0,1
Smokey Denmark Sausage Company,1,0,1
Smithfield Packaged Meats Corp,1,0,1
Smithermans Catfish Co,1,0,1
Sioux-Preme Packing Co.,1,0,1
Sinzenard International Foods,1,0,1
Sing Wah Live Poultry Mkt Inc,1,0,1
Shorr Packaging Corp.,1,0,1
Shining Comb Poultry,1,0,1
Shor Bazaar,1,0,1
Shoals Provision Inc.,1,0,1
Shoals Cold Storage,1,0,1
Shirley's Dream Inc.,1,0,1
Shippers Warehouse Three,1,0,1
"Shinsegae Foods, Inc.",1,0,1
"Simmons Farm Raised Catfish, Inc",1,0,1
"Silver Star Meats, Inc.",1,0,1
Silver Horn Jerky,1,0,1
"Spring Glen Fresh Foods, Inc.",1,0,1
Squab Producers Of California,1,0,1
Spruce Hill Meats,1,0,1
Springville Meat & Cold Storage Co. Inc.,1,0,1
Springfield Underground Inc DBA Cold Zone,1,0,1
"Springfield Meat Company, Inc.",1,0,1
Spring Grove Foods Inc.,1,0,1
Spray-Tek LLC,1,0,1
Silver Creek Specialty Meats Inc.,1,0,1
Spray-Tek Inc.,1,0,1
"Spolem Provisions,LLC",1,0,1
"Spokane Produce, Inc.",1,0,1
Spencer County Butcher Block,1,0,1
Speedy Foods LLC,1,0,1
"Spectrum Preferred Meats, Inc",1,0,1
"Square H Brands, Inc.",1,0,1
"Square-H Brands, Inc.",1,0,1
Sonstegard of Arkansas,1,0,1
Sonstegard Foods of Georgia,1,0,1
Sonoma Muffin Works,1,0,1
"Shuler Meats, Inc.",1,0,1
Siberoni,1,0,1
Siebert Premium Meats,1,0,1
"Siegi's Sausage House, Inc.",1,0,1
"Siemer Distributing Co., Inc.",1,0,1
Sierra Meat and Seafood,1,0,1
Sierra Pacific Refrigerated Services,1,0,1
Sierra Skins Inc.,1,0,1
"Sig International, Iowa, Inc.",1,0,1
"Sigma Alimentos International, Inc.",1,0,1
Silva Sausage Co.,1,0,1
"Silver Comet Foods, LLC",1,0,1
"(Lebanon) - Godshall's Quality Meats, Inc.",1,0,1
Choice Products USA,1,0,1
Smoking Pig LLC,1,0,1
Compass Group/Canteen,1,0,1
Conagra Foods Packaged Foods LLC,1,0,1
"Conagra Brands (ConAgra Foods Packaged Foods, LLC)",1,0,1
ConAgra Product Development Lab,1,0,1
"ConAgra Foods, Inc",1,0,1
"ConAgra Brands, Inc,",1,0,1
"Computer Times Publishing, Inc.",1,0,1
"Compass Group USA, Inc. DBA MG Foods",1,0,1
"Compass Group USA, Inc.",1,0,1
Compass Group USA,1,0,1
Claxton Cold Storage,1,0,1
"Compass Foods, Inc.",1,0,1
"Compass Cold Storage, LLC",1,0,1
"Commodity Forwarders, Inc.",1,0,1
"Commissary El Gallo, INC",1,0,1
"Concession Service Systems, Inc.",1,0,1
Chamblee Meats & Supplies,1,0,1
"Commercial Meat Company, Inc.",1,0,1
Chefsolutions Manufacturing LLC,1,0,1
"Cherry Meat Packers, Inc.",1,0,1
Cherry Meat Company,1,0,1
"Cherokee Nation Meat Processing, LLC",1,0,1
Cherokee Locker Inc.,1,0,1
Cher-Make Sausage Company,1,0,1
"Chenoa Locker, Inc.",1,0,1
"Chef's Warehouse Midatlantic , LLC",1,0,1
Clausen Meat Company Inc.,1,0,1
"Chef's Delight Packing Co., Inc.",1,0,1
Chef's Choice Cash & Carry Food Distribution Inc,1,0,1
Chef Minute Meals Inc,1,0,1
Chef Kern's Wholesale LLC,1,0,1
Chef John Folse and Company,1,0,1
Classic Farms LLC,1,0,1
Commissary Azteca,1,0,1
Commercial Food Services,1,0,1
"Ciales Poultry, Inc.",1,0,1
"Columbus Meats, Inc.",1,0,1
Continental Foods,1,0,1
Contessa Premium Foods,1,0,1
"Contes Pasta Co., Inc.",1,0,1
"Contentnea Farms, LLC",1,0,1
"Contender Meat Purveyors, LLC",1,0,1
Consumers Packing Co.,1,0,1
Columbus Manufacturing Inc.,1,0,1
"Continental Forwarding Services, Inc.",1,0,1
"Columbia Packing Co., Inc.",1,0,1
Cold Solutions at Rush Creek,1,0,1
Cold 18,1,0,1
"Cola Foods, LLC",1,0,1
"Coffaro's Custom Butchering, LLC",1,0,1
"Coastal Processing, LLC",1,0,1
Continental Forwarding Services,1,0,1
Continental Freightways,1,0,1
Comeaux's Inc,1,0,1
Coon Creek Packing LLC,1,0,1
Columbus Vegetables Oils,1,0,1
Conecuh Sausage Company Inc.,1,0,1
"Conger Meat Market, LLC",1,0,1
Connie's Pizza,1,0,1
"Constance Food Group, DBA Norris Food Services, LLC",1,0,1
Cooper Farms Liquid Egg Products,1,0,1
Cool Springs Farm and Meat LLC,1,0,1
Continental Gourmet Sausage,1,0,1
Cookout,1,0,1
Cook's Wholesale Foods Inc.,1,0,1
"Cook Out, Inc.",1,0,1
"Cook Out, Inc",1,0,1
Contract Comestibles LLC,1,0,1
"Continental Sausage, Inc.",1,0,1
Chicago Seafood & Restaurant Supply Inc.,1,0,1
Chicharon Poblano LLC,1,0,1
Chicharrones Imperio LLC,1,0,1
Clark Meat Science Laboratory,1,0,1
Cibus Corp.,1,0,1
Cifelli Sausage LLC,1,0,1
"Cinnamonster Franchise Group, Inc.",1,0,1
"Claro's Italian Markets, Inc.",1,0,1
Clarmil Manufacturing Corp.,1,0,1
Clark's Poultry and Seafood,1,0,1
Clair D Thompson & Son's Inc,1,0,1
Chihuly,1,0,1
"City Meat Steak Co., Inc.",1,0,1
City Meat Company of Tampa Inc.,1,0,1
"City Line Distributors, LLC",1,0,1
"City Foods, Inc./Bea's Best Corned Beef",1,0,1
City Beef Company Inc,1,0,1
Circle S Meats,1,0,1
"Cibao Meat Products, Inc.",1,0,1
Childers Meat Company,1,0,1
Chicharrones J&J,1,0,1
Chops and Steaks LLC,1,0,1
Church of Jesus Christ of Latter Day Saints - Harrisville Cannery,1,0,1
Chug Spring Butchery LLC,1,0,1
"Chow Brothers Wholesale Meat Co., Inc.",1,0,1
Chorizo de San Manuel Inc.,1,0,1
Chorizo Selecto,1,0,1
"Chorizo Janitzio, Inc.",1,0,1
Chop Chop Inc,1,0,1
Chinamerica Food Manufacture Inc.,1,0,1
Choice Food Products Inc.,1,0,1
"Claus Meats, Inc.",1,0,1
Choice Canning Company Inc.,1,0,1
"Chisholm Trail Meats, LLC",1,0,1
Chisesi Brothers Meat Packing Co.,1,0,1
Chinese Spaghetti Factory,1,0,1
Circle S Groom Sausage LLC,1,0,1
Circle R Beef Inc.,1,0,1
"Circle Pines Sausage Haus, Inc.",1,0,1
Champion Gourmet Products,1,0,1
Chao Siam LLC,1,0,1
Channel Island Logistics Inc.,1,0,1
"Channel Fish Processing Co., Inc.",1,0,1
"Chandler Foods, Inc.",1,0,1
"Chan and Chan USA, LLC",1,0,1
Champion Pizza,1,0,1
"Champion Foods, LLC",1,0,1
Circle P Meats,1,0,1
Champion Foods LLC,1,0,1
Chee Foo International Inc,1,0,1
Cheesewich LTD,1,0,1
"Chick-A-Ray Poultry & Egg Co., Inc.",1,0,1
Chef Creations LLC,1,0,1
Chicharrones Pacheco,1,0,1
Chaparro's Tamales,1,0,1
"Chapel Ford Farm, LLC",1,0,1
Chappell Hill Sausage Company,1,0,1
Charcuteria Scorpion LLC,1,0,1
Charlie DiMaria & Son Inc,1,0,1
Charlie's Produce,1,0,1
"Chaudhry Meat Company, Inc.",1,0,1
Chawdhury Farm and Meat Processing,1,0,1
Che Pibe Gourmet Products,1,0,1
Checker Logistics,1,0,1
Cheese Pleasers Inc.,1,0,1
"Chickasha Meat Company, LLC",1,0,1
"Chicopee Provision Co., Inc.",1,0,1
"Chihade International, Inc.",1,0,1
"Circle C Farm Abattoir & Butcher Shop, LLC",1,0,1
Circle F Farms Meat Processing,1,0,1
Circle M Meats,1,0,1
Smoking Goose LLC,1,0,1
Smoky Mountain Country Hams,1,0,1
Cypress Valley Meat Company,1,0,1
"Sunset Farm Foods, Inc.",1,0,1
Sun Ming Jan Inc.,1,0,1
SunBasket,1,0,1
"Superior Sausage, LLC",1,0,1
Superior Farms - Grove Division,1,0,1
"Sunsof, Inc.",1,0,1
Sunset Foods,1,0,1
Sunrise Meats LLC,1,0,1
Sun Boricua,1,0,1
"Sunrise Foods, Inc.",1,0,1
"Sunrise Foods Acquisition, LLC",1,0,1
Sunrise Farms Inc.,1,0,1
Sunrise Deli LLC,1,0,1
"Sunnyvalley Smoked Meats, Inc.",1,0,1
"Sunnyside Meats, Inc.",1,0,1
Sun Foods,1,0,1
Sturgis Meats LLC,1,0,1
Sunny Dell Specialty LLC,1,0,1
"State Street Poultry & Provisions, LLC",1,0,1
Sullivan Provisions,1,0,1
Sullivan Meat Locker,1,0,1
Sukhi's Gourmet Indian Foods,1,0,1
"Suitor Meat Co., Inc.",1,0,1
Sugartown Smoked Specialties,1,0,1
Sugargrove Country Hams,1,0,1
Sugar Valley Sausage Company,1,0,1
Stutzman Brothers Meats LLC,1,0,1
Sugar Creek Packing co.,1,0,1
Sugar Creek Packing Company,1,0,1
Sugar Creek Meat Processing LLC,1,0,1
Sudlersville Frozen Meat Locker,1,0,1
Sucesion Jorge Morales Cruz dba;  Macelo Guaynabo,1,0,1
"Sub-Zero Storage, LLC",1,0,1
Sunny Savory,1,0,1
Sunleaf Farms,1,0,1
Stone Ridge Wholesale Division LLC,1,0,1
Stillwater Packing Co.,1,0,1
"Stehouwer's Frozen Foods, Inc.",1,0,1
Steely Meats,1,0,1
Steele's Meat Co. LLC,1,0,1
"Stevens Sausage Co., Inc.",1,0,1
"Stiglmeier Sausage Co., Inc.",1,0,1
Stryker Farm,1,0,1
Stripling's General Store Inc.,1,0,1
Steinbach Foods LLC,1,0,1
"Streb Meats, Inc.",1,0,1
"Strassburger Meats, LLC",1,0,1
Stormberg Foods LLC,1,0,1
Stonie's Sausage Shop,1,0,1
"Stoney Point Butchery, Inc.",1,0,1
Stonewood Farm Inc.,1,0,1
Steidinger Meat Processing,1,0,1
Stensland Walt's LLC,1,0,1
"Suncrest Farms Country Hams, Inc.",1,0,1
"Stevens Brothers, LLC",1,0,1
"SunOpta Grains and Foods, Inc.",1,0,1
"SunOpta Foods, Inc.",1,0,1
Stuffed Foods LLC,1,0,1
"Stryve Foods, LLC",1,0,1
Stryker Farm LLC,1,0,1
Stevison Ham Company,1,0,1
"Steve's Meat Market, Inc.",1,0,1
Stephen G. Manieri Meats,1,0,1
Steve's Meat Market,1,0,1
"Steve & Laura, LLC",1,0,1
Steuben Foods Inc.,1,0,1
Sterling Pacific Meat Co.,1,0,1
"Sterling Foods, Inc.",1,0,1
Sterigenics-Mulberry,1,0,1
Summer Garden Food Manufacturing,1,0,1
Summit Cold Storage,1,0,1
"Summit Cold Storage, Inc.",1,0,1
"Roger Wood Foods, Inc.",1,0,1
Rovira Biscuit Corporation,1,0,1
"Robertson's Hams, Inc.",1,0,1
Roma Grocery Co.,1,0,1
Rolling Range Custom Butchering,1,0,1
Rogers Poultry,1,0,1
Roger's Poultry,1,0,1
Rodriguez Foods Ltd.,1,0,1
"Ryder System, Inc.",1,0,1
"Rode's Meats, LLC",1,0,1
Rocky Mountain Natural Meats,1,0,1
"Rocky Mountain Meats, LLC",1,0,1
Rocky Mountain Meats LLC,1,0,1
Rocky Mountain General Store & Custom Meats,1,0,1
"Rocky Mountain Food Factory , Inc.",1,0,1
"Royal Butcher, LLC",1,0,1
Ryder Systems Inc,1,0,1
"Summit Hill Foods, Inc.",1,0,1
"S&S Gilardi, Inc.",1,0,1
S.D.J. Trading Inc.,1,0,1
S.D.J TRADING,1,0,1
"S.A. Piazza & Associates, LLC",1,0,1
S. E. Meats Inc,1,0,1
"S'Kallam Meat & Seafood, LLC",1,0,1
S&S Quality Meats,1,0,1
S&F Foods Inc.,1,0,1
"S & A Sausage Co., Inc.",1,0,1
S Street Management,1,0,1
"S Ranch Meats, LLC",1,0,1
S & S Meat Co.,1,0,1
S & S Institutional Foods,1,0,1
"S & S Foods, Inc.",1,0,1
S & J Food Sales LLC,1,0,1
Rocko Meats,1,0,1
Legacy Meats LLC,1,0,1
"Rockdale Locker, LLC",1,0,1
Ron's Home Style Foods,1,0,1
"Rosenkrans Natural Beef Company, LLC",1,0,1
"Rosemead Processing Meats, Inc.",1,0,1
Rose Meat Services,1,0,1
Rose Acre Farms,1,0,1
Roots Meat Market LLC,1,0,1
Roncadin Inc.,1,0,1
Romeo Foods Inc,1,0,1
"Rock Run Butchering Company, LLC",1,0,1
Rome Sausage,1,0,1
"Romano's Originals, LLC",1,0,1
Shamrock Meat Processing LLC,1,0,1
Shaw Bakers LLC,1,0,1
Talisman Foods Inc,1,0,1
Sugarloaf Mountain Meats and Processing,1,0,1
"Rosie's Snacks, Inc.",1,0,1
Rosina Food Products. Inc.,1,0,1
Ross and Ross Grocery,1,0,1
"Rotex Food Services, Inc.",1,0,1
"Roth Premium Foods, LLC",1,0,1
Rotisystems Inc.,1,0,1
"Rotisystems, Inc.",1,0,1
Roundman's Smokehouse,1,0,1
"Roundy's Supermarkets, Inc.",1,0,1
"Romaine Empire, Inc., d/b/a Farmer's Fridge",1,0,1
Route 66 Meat Processing,1,0,1
Roma Packing Cmpany,1,0,1
"Roma Food Enterprises, Inc.",1,0,1
"Roca, Inc.",1,0,1
Rocca's Italian Foods,1,0,1
"Rocco's Italian Specialty Foods, Inc. dba Top Quality Meats",1,0,1
"Rochelle Foods, Inc.",1,0,1
StoneRidge Wholesale Division LLC,1,0,1
Stone Mountain Meats,1,0,1
Smoky Mountain Meats,1,0,1
"Synear Foods USA, LLC",1,0,1
Sysco Food of Central Florida Inc.,1,0,1
"Sysco Eastern Maryland, Inc.",1,0,1
"Syracuse Food Group, LLC",1,0,1
"Syracuse Casing Co., Inc.",1,0,1
"Synergy Flavors lnnova, LLC",1,0,1
Synergy Flavors Innova LLC,1,0,1
Symrise Inc.,1,0,1
"Sysco Houston, Inc.",1,0,1
Symrise,1,0,1
"Symbia of Colorado, LLC",1,0,1
Steadfast Farms Poultry Processing & Slaughter LLC,1,0,1
Starnes Wholesale LLC,1,0,1
"Shaw Bakers, LLC",1,0,1
"Skylark Meats, LLC",1,0,1
"Sysco Foodservices of Hampton Roads, Inc.",1,0,1
Sysco International Food Group,1,0,1
"Smart Food Systems, LLC",1,0,1
Sylvester Quality Meats,1,0,1
Sustainable Beef LLC,1,0,1
Surlean Meat Company,1,0,1
"Surfer TPG, Inc.",1,0,1
Supreme Tamale Company,1,0,1
Supreme Meat Purveyors LLC,1,0,1
"Swine & Bovine Processing, LLC",1,0,1
T & R ENTERPRISE USA INC,1,0,1
"Sysco International Food Group, Inc.",1,0,1
"Symba & Snap Gourmet Food, Inc.",1,0,1
"T & LT Tamales, LLC",1,0,1
T & B Food Corp.,1,0,1
T & B Bailey dba Rayfield Meat Center,1,0,1
"Sysco Western Minnesota, Inc.",1,0,1
Sysco South Florida,1,0,1
Smart Foods LLC,1,0,1
"Slovacek Foods, LP",1,0,1
Stone Meat Inc,1,0,1
"Sodexo Operations, LLC",1,0,1
Smith Valley Meats,1,0,1
Smith's Log Smokehouse,1,0,1
Sonoma County Meat Co.,1,0,1
Sonny's 10th Avenue Meat Market Inc.,1,0,1
Sonia's Kitchen,1,0,1
Sofia Chicharrones Inc.,1,0,1
Snowdens LLC,1,0,1
"Smith Meat Company, LLC",1,0,1
SnowTemp Cold Storage,1,0,1
"Snow Creek Meat Processing, Inc.",1,0,1
Snak-King LLC,1,0,1
Snacks Creations LLC,1,0,1
Snack Hui Ventures LLC,1,0,1
Smucker's Meats,1,0,1
"Smith Provision Company, Inc.",1,0,1
Siouxpreme Egg Products,1,0,1
Slaughter House Inc.,1,0,1
StarHarvest Co. LLC,1,0,1
Slagel Slaughter,1,0,1
"Slagel Family Meats, Inc.",1,0,1
"Slab Factory of Plano, LLC",1,0,1
Skyline Provisions,1,0,1
Skyline Chili LLC,1,0,1
Sky Halal Meats,1,0,1
Sky Blue Enterprises LLC.,1,0,1
Sir Delicious,1,0,1
"Skoglund Meats and Locker, Inc.",1,0,1
"Sklenarik's Smoked Meats, Inc.",1,0,1
Skinny Crust LLC,1,0,1
"Sister Schubert's Homemade Rolls, Inc.",1,0,1
Siskiyou Distributing,1,0,1
"Sir Pizza of Tennessee, Inc",1,0,1
Sustainable Meats LLC,1,0,1
Suzanna's Kitchen Inc,1,0,1
Suzanna's Kitchen Inc.,1,0,1
"T.C. Trading Company, LLC",1,0,1
TAEC LLC,1,0,1
T.W Food Distributors,1,0,1
"T.O. Nam Sausage, Inc.",1,0,1
T.L. Herring & Co.,1,0,1
T.K.O.,1,0,1
T.G. Meat Center,1,0,1
"T.A.I.F., Inc",1,0,1
TC Provisions INC,1,0,1
"T. Wigley, Inc.",1,0,1
T. Piekutowski European Style Sausage,1,0,1
"T. Hasegawa USA, Inc.",1,0,1
"T. F. Kinnealey Co., Inc.",1,0,1
T&L Creative Salads,1,0,1
"TFC Poultry Winchester, LLC",1,0,1
TASTE-RITE CO. INC.,1,0,1
TCN ATX CORP,1,0,1
"Swaggerty Sausage Company, Inc.",1,0,1
"Stir Foods, LLC",1,0,1
Stone Gardens Farm,1,0,1
Stoltzfus Meats Inc.,1,0,1
Stoltzfus Kitchen,1,0,1
Stokes Fish Company,1,0,1
Stockyards Packing Co LLC,1,0,1
Stittsworth Smokehouse Co.,1,0,1
Stino Da Napoli,1,0,1
TDF Inspection and Processing,1,0,1
"Supermarket Promotions, Inc.",1,0,1
"Supermercados Econo, Inc.",1,0,1
"Supply Chain Solutions, LLC",1,0,1
"TFC Poultry, LLC",1,0,1
"TF Foods, LLC",1,0,1
TDI,1,0,1
"TFSP, LLC",1,0,1
T & W Meat Company,1,0,1
"TJ Processors, LLC",1,0,1
Swift Prepared Foods - Elkhart Facility,1,0,1
TK America Inc.,1,0,1
T&J Sausage Kitchen,1,0,1
"T & T Foods, Inc.",1,0,1
Supreme Dumplings,1,0,1
Swiss Processing Plant Inc.,1,0,1
Swift Prepared Foods-Booneville Facility,1,0,1
"Sweety Novelty, Inc.",1,0,1
Taiba LLC,1,0,1
Sweet Supplies LLC,1,0,1
Sweet Pickins Farm,1,0,1
"Sweet N Spicy Foods, Inc.",1,0,1
"Sweet Kaki's, LLC",1,0,1
Swanson Meat Co.,1,0,1
Swan Market,1,0,1
"TKMM, LLC",1,0,1
"TMAC Food Services, Inc.",1,0,1
TMB East LLC,1,0,1
TN Premium Beef/Mason Processing,1,0,1
TNJ Foods Inc.,1,0,1
"TORRES PACKING , LLC",1,0,1
"TOWER ISLE'S FROZEN FOODS, LTD",1,0,1
TP Banh Bao Distributor Inc.,1,0,1
TPM Foodservice LLC,1,0,1
"TRADITIONAL SNACK, INC",1,0,1
TTJ Packing Inc.,1,0,1
"Table 87 Frozen, LLC",1,0,1
"Table Trust Brands, LLC",1,0,1
Taco Loco Products,1,0,1
"Tad-Tony Operations, LLC",1,0,1
"Taher, Inc.",1,0,1
Tai Hay Farm LLC,1,0,1
Coastal Plains Meat Company,1,0,1
Coast Packing Company,1,0,1
Co-Man of GA Foods,1,0,1
"Dorsey Processing, LLC",1,0,1
"Dobber's Pasties, Inc.",1,0,1
Dogtown Pizza,1,0,1
Double D Meat Company,1,0,1
"Dold Foods, LLC.",1,0,1
"Double B Foods, Inc.",1,0,1
"Dot Foods, Inc.",1,0,1
"Dorina/So-Good, Inc.",1,0,1
"Dim Sum Factory, Inc.",1,0,1
"Dori Foods, Inc.",1,0,1
Dong's Specialty Foods,1,0,1
"Donald's Meat Processing, LLC",1,0,1
Don's Cold Storage & Transportation,1,0,1
Don Novo & Son,1,0,1
"Don Miguel Mexican Foods, Inc.",1,0,1
"Dillsburg Halal Meat, LLC",1,0,1
"Dimension Marketing and Sales, Inc.",1,0,1
Dominion Foods Group LLC,1,0,1
"Diverse Food Products, LLC",1,0,1
Djerdan Burek Corp,1,0,1
Dixon Meats,1,0,1
Divine Pasta Co.,1,0,1
Divine Pasta,1,0,1
"Divine Meats, Inc.",1,0,1
"Diversified Foods & Seasonings, L.L.C.",1,0,1
Ditta Meat Company,1,0,1
Dina Mia Group LLC,1,0,1
"Distinctive Foods, LLC",1,0,1
Direct Source Meats-Albuquerque,1,0,1
Direct Source Meats - Cooked,1,0,1
"Direct Fresh Wholesale & Export, Inc",1,0,1
"Dino's Sausage & Meat Co., Inc.",1,0,1
"Dinners On The Porch, LLC",1,0,1
"Domino's Pizza, LLC",1,0,1
Dombrovski Meats Co. Inc.,1,0,1
Cuatro Cinco Manufacturing,1,0,1
"Creative Culinary Specialties, Inc.",1,0,1
Cuisine Solutions,1,0,1
Crescent City Meats,1,0,1
"Crepini Foods, LLC",1,0,1
Creekstone Farms Premium Beef LLC,1,0,1
Creek Ranch Inc.,1,0,1
"Creative Specialty Food Solutions, LLC",1,0,1
"Creation Gardens, Inc.",1,0,1
"Crescent Prime Cuts, Ltd.",1,0,1
"Creation Gardens, Inc",1,0,1
"Croghan Meat Market ,Inc.",1,0,1
Croissant Etc. Corp.,1,0,1
Croquetas La Mary LLC,1,0,1
Cross Partners Cold Storage Inc.,1,0,1
"Cucina Della Cucina, LLC.",1,0,1
Crescent Foods,1,0,1
"Crescent Specialty Foods, LLC",1,0,1
"Dom's Sausage Co., Inc.",1,0,1
"Cooper's Old Time Pit Bar-B-Que, Inc",1,0,1
"Dolores Canning Co., Inc.",1,0,1
"Dole Fresh Vegetables, Inc.",1,0,1
Dole Fresh Vegetables,1,0,1
"Dole & Bailey, Inc.",1,0,1
Daves Creek Meat Market,1,0,1
Dave's Seafood Meat & Poultry,1,0,1
Crescent Meats and Catering LLC,1,0,1
Creston Valley Meats,1,0,1
"Crocetti's Oakdale Packing Company, Inc.",1,0,1
Crocetti's Oakdale Packing,1,0,1
"Critchfield Meats, Inc.",1,0,1
"Crispheart Produce, Inc.",1,0,1
Crider Claxton  LLC,1,0,1
Crew Concierge,1,0,1
Dockside Seafood,1,0,1
Double J Lamb Inc.,1,0,1
"Double J Meat Packing, Inc.",1,0,1
Doyle's Fish Market,1,0,1
Dean Street Processing,1,0,1
"Dean Sausage Company, Inc.",1,0,1
Dean Commissary LP,1,0,1
"Dietz & Watson, Inc.",1,0,1
Diller Locker Company,1,0,1
Dave's Supermarket,1,0,1
"Driftless Provisions, LLC",1,0,1
Dearborn Sausage Company Inc,1,0,1
"Driftless Meats, LLC",1,0,1
Dreisbach Oakland,1,0,1
Dreisbach Enterprises,1,0,1
Drakes Fresh Pasta Company,1,0,1
"Drakes Food Services, Inc.",1,0,1
Dr. Packing,1,0,1
"Deano's Pastacia, Inc.",1,0,1
"Decko Products, Inc.",1,0,1
Double L Meat Processing,1,0,1
"Del Mar Meats, Inc.",1,0,1
"Del Valle Brands, Inc.",1,0,1
Dean & Peeler Meatworks,1,0,1
"Del Rosario Enterprises, Inc.",1,0,1
"Del Rey Meat & Seafood, Inc.",1,0,1
Del Popolo LLC,1,0,1
"Del Monte Capitol Meat Company, LLC",1,0,1
"Del Gould Meats, Inc.",1,0,1
"Deen Meat and Cooked Foods, Inc.",1,0,1
Del Fox Custom Meats Inc.,1,0,1
"Del Caribe Meat, Inc",1,0,1
Del Campo Distribution,1,0,1
"Del Barrio Foods, LLC.",1,0,1
"Defiance 326, LLC",1,0,1
Deering's Jerky Co.,1,0,1
Doña Tina,1,0,1
"Downing Cattle Company, Inc.",1,0,1
"Diller Locker Company, LLC",1,0,1
E&H Distributing LLC,1,0,1
E. W. Mailhot Sausage Co.,1,0,1
E. R. Boliantz Co. Inc.,1,0,1
E. Excel Food Inc,1,0,1
"E-Z Shop Kitchen, Inc.",1,0,1
E-HWA Food Products Co.,1,0,1
"E&M Innovative Forager, LLC",1,0,1
E R Boliantz Company Inc.,1,0,1
"Down the Road Butchery, LLC",1,0,1
E & T Porky Bites,1,0,1
"E & H Packing Co, Inc.",1,0,1
Dynamic Ventures Inc.,1,0,1
Dutch's Meats Inc,1,0,1
"Duque Foods Group, LLC",1,0,1
"Dupont Market, Inc. dba Grimaud Farms",1,0,1
"E.C. Wilson Co., Inc.",1,0,1
E.G. Food Inc.,1,0,1
"E.L. Blood & Son, Inc.",1,0,1
E.M.S.A. Inc.,1,0,1
E.N.A. Meat Packing Inc.,1,0,1
Dudley Poultry Company,1,0,1
Dubon Sausage LLC,1,0,1
"Dubach Deer Factory & Smokehouse, LLC",1,0,1
DuFour Gourmet LLC,1,0,1
Double L Ranch Inc.,1,0,1
Double S Meats,1,0,1
Double-D Group,1,0,1
Doublebrook Farm LLC,1,0,1
Doug's Wholesale Meats,1,0,1
"Dover Processing, Inc.",1,0,1
"Down Home Meats, Inc",1,0,1
"Down Home Processing, Inc.",1,0,1
"Cuba Processing Plant, LLC",1,0,1
Crystal Springs Meat Co.,1,0,1
Co-Man of GA,1,0,1
Daman Distributing Company Inc.,1,0,1
Daniele International,1,0,1
Daniel Western Meat Packers Inc.,1,0,1
Daniel Jackson Meat Processing,1,0,1
Dandee Foods,1,0,1
Dan's Country Meats,1,0,1
Dan O's. LLC,1,0,1
Dallas USA Foods Inc.,1,0,1
Daniels Gourmet Meats,1,0,1
"Dalhart Meats, LLC",1,0,1
Dale's Wild West Products,1,0,1
"Dakota Tom Sandwiches, Inc",1,0,1
Dakota Provisions - West,1,0,1
Dakota Packing,1,0,1
"Dakota Gobblers, LLC",1,0,1
Daniele International LLC - Stedagio,1,0,1
"Danielson Food Products, Inc.",1,0,1
D'Ambrisi Wholesale Foods LLC,1,0,1
DAIRY MAID RAVIOLI MFG. CORP.,1,0,1
DHL Supply Chain,1,0,1
"Cuisine Solutions, Inc.",1,0,1
DCW Casing LLC,1,0,1
DC'S Fish Market,1,0,1
DC Meat Inc,1,0,1
DBA Clark Brothers Quality Meats,1,0,1
D.M. Stokke Inc.,1,0,1
Dave's Salad House,1,0,1
D.A. Stein Culinary Group,1,0,1
"D. L. Lee and Sons, LLC",1,0,1
"D. J.'s Boudain, LLC",1,0,1
"Dairyland Produce, LLC",1,0,1
Dakin Farm Inc.,1,0,1
Dakota Butcher,1,0,1
D-S Smith Grinding Division Inc,1,0,1
D'Allende Foods & Cold Storage LLC,1,0,1
Crystal Lake LP,1,0,1
D&D Meats Inc,1,0,1
"Custom Meats of Marathon, Inc.",1,0,1
"Custom Quality Packers, LLC",1,0,1
D&T Foods Inc.,1,0,1
Customized Distribution Services,1,0,1
"D&S Quality Beef, LLC",1,0,1
D&M Packing,1,0,1
D&D Foods Inc.,1,0,1
Culpeppers LLC,1,0,1
D R Kiszka Inc,1,0,1
D Bar B Sausage,1,0,1
D & S Meats Inc.,1,0,1
D & J Custom Cutting LLC,1,0,1
D & H CUSTOM MEATS LLC,1,0,1
D & D Fish & Caviar Co,1,0,1
Culinary Specialties Inc.,1,0,1
"Culver Duck Farms, Inc.",1,0,1
Custom Pack Inc.,1,0,1
"Custom Culinary, Inc",1,0,1
"Custom Made Meals Jacksonville Buyer, LLC",1,0,1
Custom Made Meals,1,0,1
"Custom Foods of America, Inc.",1,0,1
"Custom Food Solutions, LLC",1,0,1
Custom Cut Solutions,1,0,1
"Custom Culinary, Inc.",1,0,1
Custom Corned Beef LLC,1,0,1
Cunningham Meats LLC,1,0,1
Cusack Wholesale Meats,1,0,1
Curtis Custom Meats,1,0,1
Curt's Pork Skins,1,0,1
Curly's Custom Meats Inc,1,0,1
Curly's Custom Meats,1,0,1
Cured Foods LLC,1,0,1
"DICEX International, Inc.",1,0,1
DIPPER'S PACKING CO. INC.,1,0,1
"DLA Distribution San Joaquin, CA Unitized Group Rations",1,0,1
Corn Maiden Foods,1,0,1
Costco Packaging 910,1,0,1
Cort Acres Breaker Plant,1,0,1
"Corsentino Meat Processing, LLC",1,0,1
Correctional Industries Food Factory,1,0,1
Cornhusker Beef Company LLC,1,0,1
"Corn Maiden Foods, Inc.",1,0,1
"Corky's Food Manufacturing, LP",1,0,1
Cream Co. LLC,1,0,1
"Corfu Foods, Inc",1,0,1
Corex Performance,1,0,1
Core X Premier,1,0,1
Core X Chicagoland Regional LLC (Crown Point),1,0,1
"Cordray's Venison Processing, Inc.",1,0,1
Cordobes Foods LLC,1,0,1
Costco Wholesale Meat Plant,1,0,1
"Create A Pack Foods, Inc.",1,0,1
DRR Processing LLC,1,0,1
Crunch Pak,1,0,1
"Crystal Lake Foods, LLC",1,0,1
Crystal Freeze Dry,1,0,1
"Crystal Distribution Services, Inc",1,0,1
Crystal Creek Meats,1,0,1
Cruz Best Foods,1,0,1
"Cruse Meat Processing, LLC.",1,0,1
Crown Meat & Provisions,1,0,1
Creation Gardens,1,0,1
"Crown I Enterprises, Inc.",1,0,1
Crowley Logistics,1,0,1
Crowley Fresh,1,0,1
Crowes Butcher Shop,1,0,1
Crossing Storage Services Inc.,1,0,1
"Cross Point Forwarding, LLC",1,0,1
"Copperstone Foods, LLC",1,0,1
"Copper City Meats, DBA Gold Medal Packing",1,0,1
Copper Cellar Corp,1,0,1
Cuisine Solutions Inc.,1,0,1
Country Ranch Food Products,1,0,1
"Country Meats, LLC",1,0,1
"Country Meats Inc.,",1,0,1
"Country Maid, Inc.",1,0,1
Country Home Processing LLC,1,0,1
Cueritos and  Botanas Coahuila,1,0,1
"Dave's Sausage Factory, Inc.",1,0,1
Cooper-Wilson Inc.,1,0,1
DHL Supply Chain (USA),1,0,1
DUTCH MILL CATERING T/A TORN APRON FOODS,1,0,1
"DTF Prep Seattle, LLC",1,0,1
"DSV Solutions, LLC",1,0,1
"DSI Warehouse Services, Inc.",1,0,1
"DS OFOOD, Inc.",1,0,1
Country Slaughter and Meats,1,0,1
Country Smoke House Inc,1,0,1
Countryside Quality Meats LLC,1,0,1
"Courage Production, LLC",1,0,1
Coursey's Smoked Meats,1,0,1
Courtesy Ventures LLC,1,0,1
Cowboy Meat Company,1,0,1
Cox Marketing,1,0,1
"Crabill's Retail & Wholesale Meats, LLC",1,0,1
Craft Byte LLC,1,0,1
Craft Kitchens,1,0,1
"Craftology, LLC dba Dutch Treat Foods",1,0,1
Crappell's Fish Market LLC,1,0,1
Crave Creations LLC,1,0,1
"Crawford Sausage Co., Inc.",1,0,1
Country Butcher,1,0,1
Cougle Commission Company,1,0,1
Dealaman Enterprises Inc.,1,0,1
DeVries Meats,1,0,1
David Elliot Poultry Farm Inc.,1,0,1
"CBQ, LLC (DBA Carl Buddig and Company)",1,0,1
"CFCM ""DBA"" Hobe's Country Hams, Inc.",1,0,1
"CF THK, LLC",1,0,1
CE Kitchen LLC,1,0,1
"CDI - Customized Distribution, LLC",1,0,1
CCP Poultry & Meat Corp.,1,0,1
"CCB Packaging, Inc.",1,0,1
"CARLE'S BRATWURST, INC.",1,0,1
CJ Foods Manufacturing Beaumont Corporation,1,0,1
CARGILL FOOD DISTRIBUTION,1,0,1
"CAPTAIN REDS, INC",1,0,1
CAFE SPICE LLC,1,0,1
"C4 Enterprises, Inc.",1,0,1
"CLASSIC SEAFOOD GROUP, INC.",1,0,1
"CM & R, Inc.",1,0,1
CG Family Foods,1,0,1
CJ Foods Manufacturing Corporation,1,0,1
COQUI MEATS LLC,1,0,1
"Campbell Soup Supply Co., LLC",1,0,1
"Cangialosi Specialty Sausage Company, Inc.",1,0,1
Camrett Logistics,1,0,1
"Campofrio Food Group - America, Inc.",1,0,1
Campo Lindo Farms,1,0,1
Campbell Soup Supply Company L.L.C.,1,0,1
Campbell Soup Supply Company,1,0,1
"Cajun Original Foods, Inc.",1,0,1
CJ Logistics America LLC (B&G Foods),1,0,1
Caine Warehousing LTD,1,0,1
Caguas Warehouse LLC,1,0,1
"CLW Foods, LLC",1,0,1
CL Saigon Food Company,1,0,1
"CJ TMI Manufacturing America, LLC",1,0,1
"CJ Logistics America, LLC (3PL for B&G Foods)",1,0,1
Caggiano Company,1,0,1
Café Rio Inc.,1,0,1
"David Mosner, Inc.",1,0,1
Central Illinois Poultry Processing LLC,1,0,1
"Cargill Kitchens Solutions, Inc.",1,0,1
Chairman's Foods LLC,1,0,1
Celebrity Foods Division of Atalanta Corporation,1,0,1
"Central Meat Processors, Inc.",1,0,1
Central Meat Packing,1,0,1
"Central KY Custom Meats, Inc.",1,0,1
"Central Falls Provisions Co., Inc.",1,0,1
"COYOTARTS, LLC",1,0,1
Central Cold Storage Inc.,1,0,1
Central Avenue Meats,1,0,1
Center for Advancement of Meat Production and Processing,1,0,1
Center Fresh Egg Farm L.L.P.,1,0,1
"Cedar Valley Services, Inc.",1,0,1
"Cargill Meat Solutions, Corp.",1,0,1
Cargill Kitchen Solutions,1,0,1
CP Fresh,1,0,1
"Cafe Spice, LLC",1,0,1
CTI Foods LLC.,1,0,1
"Cacique, Inc.",1,0,1
"Cabrito Market, Inc.",1,0,1
"Cabin Hollow Butcher Shop, Inc",1,0,1
Cabal sausage Co,1,0,1
CYRE Inc.,1,0,1
"CTI Foods Texas Soups, LLC",1,0,1
CSS Caribbean Meal LLC,1,0,1
CPK Quality Foods,1,0,1
"CSC FOOD MANUFACTURING, LLC",1,0,1
"CS Best Food, Inc.",1,0,1
"CS Beef Packers, LLC",1,0,1
"CRISF, Inc.",1,0,1
CREATIVE FOOD PROCESSING,1,0,1
CR Food Innovation Group,1,0,1
"Canino's Sausage Company Co., Inc.",1,0,1
Cape Code Cafe Foods,1,0,1
"Capital Management HPP, Inc.",1,0,1
"Colorado Custom Meat Company, LLC",1,0,1
Colorado Native Foods LLC,1,0,1
Colorado Lamb Processors,1,0,1
"Colorado Homestead Ranches, Inc.",1,0,1
Colorado Homestead Ranches,1,0,1
"Colorado Green Chili, LLC",1,0,1
Colorado Food Enterprises Inc.,1,0,1
Colorado Boxed Beef Co.,1,0,1
Colorado Premium Cold Storage,1,0,1
Colorado Box Beef,1,0,1
College of the Ozarks,1,0,1
Colinas Products LLC,1,0,1
ColdQuest Inc.,1,0,1
"ColdPoint Logistics Warehouse, LLC",1,0,1
ColdPoint Logistics Warehouse,1,0,1
"Colorado Prefare Foods, LLC",1,0,1
"Columbia Empire Meat Co., Inc.",1,0,1
Capitol Cold Storage & Distribution,1,0,1
Clear Water Meats,1,0,1
"Clydes Sausage, Inc.",1,0,1
Cluck Ya Poultry,1,0,1
"Club House Market, Inc",1,0,1
Cloverdale Foods Co.,1,0,1
Cloud's Meats Inc.,1,0,1
Clem's Custom Cut Meats,1,0,1
Clean Chickens and Co.,1,0,1
"Cold-Link Logistics Sioux City, LLC",1,0,1
Claysburg Pizza Fundraisers,1,0,1
"Claymore, Inc DBA: Goodnight Brothers Produce Co. Innc.",1,0,1
Claymont Food Co.,1,0,1
"Cold Front Logistics, LLC",1,0,1
Cold-Link Logistics Holland LLC,1,0,1
Columbia Meats. Inc.,1,0,1
"Cold-Link Logistics, Hattiesburg, MS",1,0,1
Champ Meatball Company Inc.,1,0,1
Chalet Market Inc.,1,0,1
Cameron's British Foods Inc,1,0,1
Caldwell Farms Beef,1,0,1
Cal Poly Meats,1,0,1
"Cal Chef Foods, LLC",1,0,1
Cajun Specialty Meats,1,0,1
Camacho's Food Processing,1,0,1
"Camellia General Provision Co., Inc.",1,0,1
"Camino Real Foods, Inc.",1,0,1
"Cooper Hatchery, Inc.",1,0,1
Carey & Schnalzer's Quality Meats (Slate Belt Butchery),1,0,1
"Carbon County Meats, LLC",1,0,1
"Caravan , Inc",1,0,1
"Captain Ken's Foods, Inc.",1,0,1
"Capitol Kitchen, LLC",1,0,1
Capitol Concessions LLC,1,0,1
Caledonia Packing LLC,1,0,1
Cali Dumpling,1,0,1
California Farms Meat Company Inc.,1,0,1
"California Jerky Factory, Inc.",1,0,1
California Natural Products,1,0,1
"Cargill Kitchen Solutions, Inc",1,0,1
California Prison Industry Authority (CALPIA),1,0,1
California Rice Center Inc.,1,0,1
California Sausage Inc.,1,0,1
"California State University, Chico",1,0,1
"Calihan Pork Processors, LLC",1,0,1
Call It Yours Casseroles,1,0,1
"Callahan Meats, Inc.",1,0,1
"Callaway Packing, Inc.",1,0,1
Callicrate Cattle Co.,1,0,1
Calumet Diversified Meats Inc.,1,0,1
California Ranch Food Company,1,0,1
Cedar Valley Services,1,0,1
Cedar Creek Beef Jerky L.L.C.,1,0,1
Cavutech LLC dba Quality Seafood,1,0,1
Dependable Warehousing & Dist. Inc.,1,0,1
Delicious Beef Jerky,1,0,1
"Delicacy Meats, LLC",1,0,1
Deli Star,1,0,1
"Delaware Avenue Enterprises, Inc.",1,0,1
Delaware Avenue Enterprises Inc.,1,0,1
Delato Corporation,1,0,1
Dept of Veterans Affairs,1,0,1
Delta Meat & Sausage Co.,1,0,1
Derks Meats LLC,1,0,1
Des Moines Cold Storage (Crossroads Cold Storage),1,0,1
Dietrich's Country Meats,1,0,1
"Dickinson & Son 84 Packing Co., Inc.",1,0,1
Dick's Cold Storage,1,0,1
Diana's Mexican Food Products Inc.,1,0,1
Delicious Real Food,1,0,1
Dietz and Watson Inc.,1,0,1
"Carrington Foods, Inc",1,0,1
Denver Wholesale Foods,1,0,1
"Carolina Packers, Inc.",1,0,1
Cooper Farms Processing,1,0,1
Cooper's Country Meat Packers,1,0,1
C. W Brown LLC,1,0,1
Demaiz Inc. dba: Mextamale Foods,1,0,1
"Depalo Foods, Inc.",1,0,1
Denver Meats Company,1,0,1
"Deluxe Foods International, Inc.",1,0,1
"Denver Cold Storage, Inc.",1,0,1
Denmark Sausage LLC,1,0,1
"Den's Country Meats, Inc.",1,0,1
"Demus Italian Specialty Foods, Inc.",1,0,1
Demes Gourmet Corporation,1,0,1
"Demakes Enterprises, LLC",1,0,1
Diana Food Company,1,0,1
"Diamond State Meats, LLC",1,0,1
DiRusso's Sausage Incorporated,1,0,1
Day-Lee Foods Inc.,1,0,1
DeLattre's Pizza,1,0,1
"DeKalb County Packing Co.,Inc",1,0,1
"DeBragga & Spitler, Inc.",1,0,1
DeBacker Family Dairy,1,0,1
De la Montana LLC,1,0,1
De Leon Foods,1,0,1
Day Day's Skins & Cracklings,1,0,1
DiPaola Turkeys Inc.,1,0,1
Davy Cold Storage,1,0,1
Davis Meat Processing LLC,1,0,1
Davis Fish Market,1,0,1
Davis Bros. Inc.,1,0,1
David's Premium Beef LLC,1,0,1
David R. Kanagy,1,0,1
DeOro Foods LLC,1,0,1
DePasquales Sausage,1,0,1
DeSola Provisions Corp.,1,0,1
DeYulio Sausage Company LLC,1,0,1
"Del Vecchio Foods, Inc.",1,0,1
Del-Val Food Ingredients,1,0,1
"DelMonte Fresh Produce (Texas), Inc",1,0,1
"Des Moines Cold Storage, Inc.",1,0,1
Deseret Meat,1,0,1
"Despieces La Ceba, LLC",1,0,1
Detroit Chili Co.,1,0,1
"Detroit Sausage Company, Inc.",1,0,1
Detweiler Meats LLC,1,0,1
"Deutschland Foods, Inc.",1,0,1
Dewig Bros. Packing Co.,1,0,1
"Di Gregorio Food Products, Inc.",1,0,1
"DiLuigi Foods, Inc",1,0,1
Carolina Precision Foods,1,0,1
Carso's Pasta Company,1,0,1
Cavo Greco Foods,1,0,1
Central Storage & Warhouse,1,0,1
Century Frozen Foods Canovanas,1,0,1
Centrum Valley Farms L.L.P.,1,0,1
Centrillium Holdings LLC,1,0,1
Central Wyoming College,1,0,1
"Central Valley Meat Co., Inc.",1,0,1
"Central Storage and Warehouse Co., Inc.",1,0,1
"Central Storage & Warehouse Co., Inc.",1,0,1
Century Harvest Farms LLC,1,0,1
Central Storage & Warehouse Co.,1,0,1
Central Storage & Warehouse Co,1,0,1
Cathay Foods Co.,1,0,1
"Catfish Processors, LLC",1,0,1
Catelli Brothers Inc.,1,0,1
Carnival Culinary Solutions,1,0,1
"Century Frozen Foods, LLC",1,0,1
Century Harvest LLC,1,0,1
Carson Guam Corporation,1,0,1
Central Oregon Butcher Boys,1,0,1
"Caver Meats, LLC",1,0,1
Cattlemen's Processing LLC,1,0,1
"Cattaneo Bros, Inc.",1,0,1
Cattaneo BBQ Service,1,0,1
Catskill Food Company LLC,1,0,1
Central Meat and Provision Company,1,0,1
Central Protein Provisioners,1,0,1
Century Oak Packing Company,1,0,1
"Central Snacks, Inc.",1,0,1
Chair City Meats Inc.,1,0,1
Cesina Sausage Co.,1,0,1
"Cervantes Distributor, Inc.",1,0,1
"Century Titan, LLC",1,0,1
Century Packing Corp.,1,0,1
Carne Seca Los Guerra,1,0,1
"Carmine's Frozen Pizza, LLC",1,0,1
Carmine Lonardo's Inc.,1,0,1
Case Pork Roll Company Inc.,1,0,1
Catalyst Foods,1,0,1
"Catalina Finer Food, LLC",1,0,1
"Castle Rock Meats, Inc.",1,0,1
Castelo Cold Storage LLC,1,0,1
Casselton Cold Storage Inc.,1,0,1
"Casing Associates, LLC, DBA DCW Casing, LLC",1,0,1
"Case Farms Processing, Inc.",1,0,1
Carlton Packing Company,1,0,1
Cascioppo Meats,1,0,1
Casanova Market Inc.,1,0,1
"Casa di Pasta, Inc.",1,0,1
Casa Di Carfagna,1,0,1
"Casa Di Bertacchi, LLC",1,0,1
Carteret Abattoir,1,0,1
Catelli Brothers,1,0,1
Carolina Catering Corp.,1,0,1
Carnico Foods,1,0,1
Cargo International Consolidators Inc.,1,0,1
Caribbean Breeze Frozen Foods Corp.,1,0,1
Caribbean Crescent Inc.,1,0,1
Caribbean Food Delights,1,0,1
Caribbean Snacks & More,1,0,1
Carl Buddig & Company,1,0,1
Carl Buddig and Co,1,0,1
Carl Buddig and Company,1,0,1
Carl Streit & Son Co.,1,0,1
Carl Venezia Meats,1,0,1
"Carl's Boned Chicken, Inc.",1,0,1
Carlie C. McLamb Meats,1,0,1
Carlotta's Kitchen LLC,1,0,1
Carlson Meat Shop,1,0,1
Tihama Hills,0,1,1
